DefaultSC.A1ModJulian,DefaultSC.EarthMJ2000Eq.X,DefaultSC.gse.X,DefaultSC.gse.Y,DefaultSC.gse.Z
27592.00004669423,5216.805821720925,-2060.342751830291,-4832.883563309741,4949.568083022094
27592.00074113868,5120.02513091841,-1637.775579064814,-4964.021246094679,4993.140391232809
27592.00183914027,4927.602489037428,-957.663903048938,-5132.831940773038,5023.314347854051
27592.00299774082,4674.358983377105,-230.4253628896931,-5258.603103985186,5003.81372965352
27592.00416708883,4369.512345419445,505.9187255110776,-5330.122115826674,4931.267996043602
27592.00534152117,4017.105257504336,1240.05485569734,-5345.550031257734,4806.088481463521
27592.00652017514,3620.883739068313,1963.641995929193,-5304.412810328568,4629.413110259568
27592.00770269278,3184.987922058408,2668.737910445754,-5206.919431382938,4402.951508980676
27592.00888874089,2714.013908795528,3347.587596764178,-5053.911719596264,4128.977836322299
27592.0100779504,2212.983829561805,3992.676299008386,-4846.860323698949,3810.316854952244
27592.01126990135,1687.299824494228,4596.812542274154,-4587.859413326383,3450.323043113752
27592.01246416308,1142.668230684759,5153.237870065668,-4279.602375076396,3052.83661579525
27592.01366027525,585.0433591967899,5655.700158067717,-3925.359177056923,2622.14802638562
27592.01485776356,20.55231342557328,6098.539479831894,-3528.939093011452,2162.946200565088
27592.01605613566,-544.5745648855752,6476.758199997732,-3094.650858598749,1680.267316036869
27592.01725488632,-1104.079812425215,6786.087980715943,-2627.253491340535,1179.435314184579
27592.01845352588,-1651.766965368209,7023.051538163386,-2131.890254748932,665.9874516657928
27592.01965156651,-2181.568241503374,7185.000846214713,-1614.032656055052,145.6138073237112
27592.02084854403,-2687.626700628902,7270.15231105339,-1079.406007079353,-375.92007763941
27592.02204398172,-3164.35094100633,7277.60507966441,-533.9369592935102,-892.8265861282439
27592.02323745844,-3606.50956160951,7207.353564926687,16.34814606215573,-1399.394800437776
27592.02442854523,-4009.267156865914,7060.283386614189,565.3670423334659,-1890.03140959503
27592.02561691036,-4368.275307041497,6838.14432539158,1107.101944986112,-2359.369643555861
27592.02680218124,-4679.674778585847,6543.541633046297,1635.607019458545,-2802.27499738549
27592.02798405438,-4940.173580842285,6179.884360056302,2145.128048143591,-3213.948739385751
27592.02916227585,-5147.070744672529,5751.335966525887,2630.158201048022,-3589.97145968852
27592.03033662578,-5298.277418154177,5262.762200856841,3085.492292822302,-3926.344650710515
27592.03150689931,-5392.334335307914,4719.678184655064,3506.277322606611,-4219.528609316605
27592.03267295961,-5428.427691542369,4128.155415906056,3888.084236422764,-4466.49266591314
27592.03383470255,-5406.385336313716,3494.759704283494,4226.939213447967,-4664.73308279021
27592.03499207826,-5326.670382408552,2826.459628969578,4519.368934925201,-4812.298466355523
27592.03614506302,-5190.368147672874,2130.558700071581,4762.424541171527,-4907.799572264711
27592.03729369365,-4999.162451360946,1414.59012208118,4953.714829655146,-4950.420602230471
27592.03843801718,-4755.315615144346,686.2616258463906,5091.414937192618,-4939.916951023018
27592.03957814326,-4461.627570868054,-46.66251867821438,5174.28706574805,-4876.612176876383
27592.04071421356,-4121.402278958724,-776.4268377781918,5201.679363109906,-4761.384443534472
27592.04184640422,-3738.405531045688,-1495.367901614876,5173.525175820274,-4595.649817402028
27592.04297492358,-3316.819884232942,-2195.991703056762,5090.335623945155,-4381.340343094942
27592.04410001079,-2861.196195842871,-2871.04809550186,4953.1865682067,-4120.877343274104
27592.04522194637,-2376.397304351188,-3513.607621972696,4763.697898901263,-3817.136949569157
27592.04634101867,-1867.558754769287,-4117.10805047252,4524.015058915906,-3473.423573731887
27592.04745758447,-1340.006838889837,-4675.447805720228,4236.768317060002,-3093.413202134835
27592.04857198544,-799.2412130870134,-5182.995656948327,3905.05834685335,-2681.137765893785
27592.04968459643,-250.8577314731339,-5634.667056036851,3532.411196841757,-2240.927599665778
27592.0507958306,299.5100918244457,-6025.966428299278,3122.735159734433,-1777.362255611898
27592.05190611449,846.2331048163263,-6353.012186796217,2680.286750582262,-1295.233256546539
27592.05301589004,1383.740402637853,-6612.568807319356,2209.627063939433,-799.4963483412271
27592.05412561532,1906.5710468913,-6802.071264654095,1715.576232739257,-295.2234123261705
27592.0552357525,2409.418022720802,-6919.641397551048,1203.172195350701,212.4400004567246
27592.05634677197,2887.178008951465,-6964.102254199055,677.6215935533139,718.3242060284019
27592.05745913617,3334.990204672958,-6934.985306878149,144.2591892938111,1217.275492552633
27592.05857332013,3748.288237457797,-6832.532795724781,-391.5106148497384,1704.212219762787
27592.05968976485,4122.823512750021,-6657.698174479063,-924.2404033982914,2174.150420547396
27592.06080890126,4454.715217532049,-6412.140215621513,-1448.500776049109,2622.260717826131
27592.06193112799,4740.480988512401,-6098.215719828332,-1958.919875252898,3043.904628079551
27592.06305681444,4977.074503274239,-5718.964253152735,-2450.235492157487,3434.681207943499
27592.06418628001,5161.915389706315,-5278.094792756609,-2917.337213915535,3790.464646237428
27592.06531981623,5292.925042264859,-4779.951714731106,-3355.327283045043,4107.45551548569
27592.06645768716,5368.550828436925,-4229.47829625984,-3759.569498976251,4382.220205618462
27592.06760006757,5387.785841963845,-3632.207758756724,-4125.717125866231,4611.715869143079
27592.06874710152,5350.195121295383,-2994.191488689987,-4449.78444026896,4793.344347218191
27592.06989889151,5255.926435521022,-2321.949493872334,-4728.187677625079,4924.981460899905
27592.07105545294,5105.723853330559,-1622.4384067001,-4957.779089278443,5005.003202096316
27592.07221676092,4900.929539181797,-902.9596042755818,-5135.901912561319,5032.319944935628
27592.07338275706,4643.475618413584,-171.0818647470435,-5260.425521918591,5006.394708478572
27592.07455329166,4335.886353072377,565.3994353123526,-5329.771436915307,4927.25991194772
27592.07572818713,3981.24852246731,1298.583948866477,-5342.949211156136,4795.527567945778
27592.07690719816,3583.196659048193,2020.527631044062,-5299.574706645362,4612.394619175898
27592.07809004201,3145.872835923221,2723.350811801091,-5199.885975495919,4379.636767811414
27592.07927638013,2673.893792196491,3399.318104990086,-5044.75139526816,4099.600467478612
27592.08046583906,2172.297493903302,4040.942622668984,-4835.668089956229,3775.180890455951
27592.08165801585,1646.48746316624,4641.078736365478,-4574.751188799061,3409.793427901858
27592.08285247386,1102.175799500711,5193.007311532834,-4264.717249246687,3007.341104977811
27592.08404873275,545.3243794319187,5690.516875725484,-3908.863243870271,2572.178557719795
27592.08524633148,-17.95270217782888,6128.008881271057,-3511.014717761527,2109.042017602704
27592.08644476541,-581.4315979773703,6500.54198084035,-3075.502380096736,1623.01821721161
27592.08764354459,-1138.879535199646,6803.91733595896,-2607.095003660571,1119.463787466685
27592.08884216634,-1684.116477442822,7034.722254514445,-2110.953506775109,603.9529082851582
27592.09004015128,-2211.10574070075,7190.38123541211,-1592.55589480495,82.19587106109475
27592.09123702522,-2714.017745031268,7269.182162483676,-1057.638878580065,-440.021678032967
27592.09243231708,-3187.299561673757,7270.298839114056,-512.1306944650039,-956.9071223737951
27592.09362562141,-3625.764881870929,7193.797786492089,37.9487156872479,-1462.757076657594
27592.09481650664,-4024.618815922862,7040.635013084115,586.518106559136,-1951.985866840432
27592.09600462071,-4379.551191965344,6812.633396129389,1127.555561265428,-2419.235635545674
27592.09718961845,-4686.7581274858,6512.460642961648,1655.136025009969,-2859.407857950515
27592.09837120789,-4942.99693509818,6143.583671073787,2163.520909256799,-3267.739498753611
27592.09954912772,-5145.611969382243,5710.224810839383,2647.213120879177,-3639.846774036388
27592.1007231451,-5292.560894879067,5217.308284167177,3101.018193058914,-3971.772753443933
27592.10189308506,-5382.435709934774,4670.383900531696,3520.112511364593,-4260.037142204405
27592.10305880839,-5414.467125871312,4075.563708265437,3900.084872196862,-4501.663355089529
27592.10422021389,-5388.526431770862,3439.445530879106,4236.982711808373,-4694.207386438669
27592.10537725371,-5305.117828858864,2769.02371853957,4527.354719983146,-4835.780683204388
27592.10652991007,-5165.364523225357,2071.618352606868,4768.275618888173,-4925.059764911822
27592.10767820634,-4970.9880781637,1354.784297277684,4957.374794042755,-4961.295448767114
27592.10882220238,-4724.281825703652,626.2280110951469,5092.853603058902,-4944.312856457042
27592.10996199635,-4428.077762534975,-106.2792575586909,5173.497258401634,-4874.505520437408
27592.11109774151,-4085.702769301762,-834.9966343148506,5198.679217559779,-4752.82067805665
27592.11222960922,-3700.945660194585,-1552.271558954182,5168.356608971148,-4580.743460700305
27592.11335782414,-3278.000354522231,-2250.640559500823,5083.062811842704,-4360.269788711146
27592.11448261992,-2821.432004309114,-2922.876146250775,4943.895456441649,-4093.8856477723
27592.11560428224,-2336.109444955296,-3562.08371424195,4752.494406964798,-3784.526829941067
27592.11672311665,-1827.163852935324,-4161.74702084534,4511.020330579375,-3435.549467872162
27592.11783946076,-1299.929248486475,-4715.795233015207,4222.124757640741,-3050.688148064068
27592.11895367135,-759.893123244747,-5218.650482303905,3888.920585093734,-2634.018304144394
27592.12006614932,-212.629020561454,-5665.28680864908,3514.938321215941,-2189.902770855947
27592.12117728344,336.2308193006797,-6051.248554059322,3104.105179853232,-1722.968092454892
27592.12228750368,881.0756502506948,-6372.709346532631,2660.686608098388,-1238.037045688292
27592.12339726531,1416.361098015977,-6626.492164659448,2189.246118505192,-740.0862876311821
27592.12450701907,1936.645605139327,-6810.08581623063,1694.61278510312,-234.2119692669312
27592.12561723134,2436.649766657513,-6921.669512310969,1181.826987166711,274.4269213997454
27592.12672836234,2911.293955386142,-6960.122887217645,656.1028140023336,780.6465147101883
27592.12784087092,3355.746864317555,-6925.036178288943,122.777958615269,1279.287922716304
27592.12895523046,3765.474722648191,-6816.710391740589,-412.742947870235,1765.27131877421
27592.13007187275,4136.261259715837,-6636.158676268221,-945.0105376123736,2233.617586581407
27592.13119124365,4464.267514133653,-6385.094024994328,-1468.606798337204,2679.518319272705
27592.13231371893,4746.043054603184,-6065.933707381047,-1978.15541867656,3098.346846109006
27592.13343967955,4978.58473196368,-5681.767762627652,-2468.407753420606,3485.733719901865
27592.13456945977,5159.35432623449,-5236.348665123739,-2934.269116680367,3837.589879579286
27592.13570334222,5286.310510336788,-4734.069049224464,-3370.848498293271,4150.149609153197
27592.13684156362,5357.938610138997,-4179.927737701526,-3773.512492988138,4420.015118240979
27592.13798432579,5373.273997613697,-3579.483935736168,-4137.938717524911,4644.198227442208
27592.13913175652,5331.920165285716,-2938.831125844495,-4460.1517165324,4820.14941080266
27592.14028394508,5234.064717470557,-2264.526387640919,-4736.582208500402,4945.799937451289
27592.14144091409,5080.489109861758,-1563.546321555302,-4964.103759098758,5019.587958955243
27592.14260262406,4872.573574952809,-843.219317157947,-5140.077564073314,5040.48747333636
27592.14376901128,4612.28587868372,-111.1295372796974,-5262.394909793709,5008.029316141923
27592.14493991662,4302.184918680086,624.9163574383863,-5329.500542541618,4922.316727965714
27592.14611518166,3945.380742740123,1357.031573021505,-5340.428739148287,4784.030806549078
27592.14729453564,3545.540524868976,2077.264675075913,-5294.819169481571,4594.442492867378
27592.14847767786,3106.835367594378,2777.741429066201,-5192.937427901305,4355.40330341497
27592.1496642926,2633.891630709556,3450.763509190774,-5035.675891249344,4069.326096320359
27592.15085397926,2131.771407534156,4088.859508282551,-4824.560685460407,3739.181293168943
27592.15204634859,1605.881155127227,4684.929429163598,-4561.729712458892,3368.446589595267
27592.15324096071,1061.937480492029,5232.296853926644,-4249.923345474541,2961.087416538337
27592.15443734534,505.8954332438449,5724.804782172617,-3892.457070181973,2521.51134952085
27592.1556350206,-56.12860170133638,6156.902028327099,-3493.18244498777,2054.513309104393
27592.15683348837,-617.9265124696955,6523.711668032882,-3056.446354813683,1565.22275854489
27592.15803227697,-1173.291865328157,6821.104528372993,-2587.02570694232,1059.026528850519
27592.15923086719,-1716.059636006974,7045.731117907331,-2090.10009059235,541.5361181899025
27592.16042878323,-2240.222190002877,7195.087475378492,-1571.155994564561,18.48308628902305
27592.16162553622,-2739.975719289717,7267.533321689283,-1035.943763393966,-504.3257924265895
27592.16282068889,-3209.817068150214,7262.317214107831,-490.3804125612369,-1021.106211387855
27592.16401380869,-3644.588143398078,7179.577539542176,59.50099813765482,-1526.144905264026
27592.16520449163,-4039.546022033222,7020.339448744171,607.6340162514696,-2013.87780143507
27592.16639237622,-4390.420790105835,6786.494403772284,1147.997337693748,-2478.960722919411
27592.16757710432,-4693.451428486986,6480.779732382171,1674.668000254984,-2916.316035047043
27592.16875839494,-4945.446444079564,6106.723312124283,2181.923319400374,-3321.218421559901
27592.16993598761,-5143.799109309762,5668.605857290532,2664.280240422599,-3689.32484754938
27592.17110967365,-5286.518662215031,5171.394513379966,3116.569718925488,-4016.731885956466
27592.1722792762,-5372.242524037445,4620.684872082308,3533.98432268353,-4300.009332400425
27592.17344466425,-5400.246426954056,4022.624179630177,3912.134303760071,-4536.23798559477
27592.17460572686,-5370.444681310451,3383.848374219746,4247.084297763835,-4723.031851655362
27592.17576242666,-5283.382583037544,2711.372684520933,4535.407808980827,-4858.567670560187
27592.17691474689,-5140.221528363531,2012.536013083162,4774.202183517251,-4941.587943471884
27592.17806270882,-4942.71896198995,1294.907108865483,4961.119719595326,-4971.411401265477
27592.17920637747,-4693.199607894352,566.194770266693,5094.386389444506,-4947.932498329869
27592.18034586093,-4394.521118644466,-165.8375553695071,5172.811581184787,-4871.613242803843
27592.18148130051,-4050.037741387099,-893.4494397857572,5195.791085461349,-4743.470163586223
27592.18261286869,-3663.559006939151,-1609.003696362417,5163.305817957327,-4565.056660783573
27592.18374079692,-3239.29300066985,-2305.062066941149,5075.911685699356,-4338.433708821715
27592.18486532348,-2781.814947940176,-2974.42657862861,4934.727270605886,-4066.149647002211
27592.18598672,-2296.007411304174,-3610.226902220013,4741.415337507844,-3751.204575454499
27592.18710531025,-1786.997264455275,-4205.995003936347,4498.153274048428,-3397.006805886192
27592.18822142957,-1260.118396150436,-4755.700847999549,4207.61071997299,-3007.344144031295
27592.18933544781,-720.84662731292,-5253.818757944417,3872.912839832974,-2586.335161409146
27592.19044775344,-174.7520001580855,-5695.366776344458,3497.60804167578,-2138.390229396723
27592.19155876992,372.5638042065887,-6075.954330940102,3085.623324801601,-1668.159045251017
27592.19266891736,915.5021705418665,-6391.803470852042,2641.236536615006,-1180.499659236537
27592.19377864828,1448.537570395567,-6639.791247730541,2169.020070866535,-680.4159603555354
27592.19488841885,1966.254268532218,-6817.463885312633,1673.806722984677,-173.0220278415336
27592.19599869451,2463.398302562271,-6923.05711145693,1160.641468271579,336.5081901875196
27592.1971099421,2934.921156927204,-6955.50769025748,634.7377408658449,842.9851166096719
27592.19822261478,3376.019296133353,-6914.461892768567,101.4367232485233,1341.244303380748
27592.19933717793,3782.188243910803,-6800.277755334134,-433.8537640320804,1826.205296062437
27592.20045406337,4149.246242755471,-6614.02490324643,-965.6866433643391,2292.89794698899
27592.20157370037,4473.385506297874,-6357.475303649837,-1488.640087571011,2736.522126375669
27592.20269648037,4751.198004267142,-6033.096999465063,-1997.350884250466,3152.47845608374
27592.20382276388,4979.714319187355,-5644.037904159182,-2486.568655668428,3536.416791546647
27592.20495287873,5156.435992130891,-5194.103868467027,-2951.20587596647,3884.279508780022
27592.20608711676,5279.364196731804,-4687.731129207047,-3386.386902284299,4192.342671623554
27592.20722571081,5347.024263831375,-4129.963017944832,-3787.489749465665,4457.25117597839
27592.20836884983,5358.491766946046,-3526.404308471419,-4150.202618236324,4676.063238056255
27592.20951667903,5313.41004704961,-2883.173399559951,-4470.571793026164,4846.286203763815
27592.21066926494,5212.006171661355,-2206.869034774998,-4745.039319107826,4965.905655751431
27592.2118266388,5055.098615329448,-1504.486501080815,-4970.50037594958,5033.422667119284
27592.21298875659,4844.103438118591,-783.374420796318,-5144.335418167313,5047.875516988747
27592.21415554033,4581.024737043997,-51.13727642976482,-5264.455580375337,5008.8626408932
27592.21532683328,4268.452347572939,684.4149625064672,-5329.329191074039,4916.557435996851
27592.21650245238,3909.532034895306,1415.382280320734,-5338.014195759117,4771.715034219073
27592.21768213192,3507.955747573468,2133.826258053925,-5290.176821083955,4575.679309114985
27592.218865585,3067.910821744709,2831.89784079321,-5186.106912801625,4330.37073929025
27592.22005246874,2594.050678068017,3501.906827948066,-5026.724363636084,4038.277963480405
27592.22124240649,2091.440270165982,4136.42646931906,-4813.576714096105,3702.433545626351
27592.22243497935,1565.506140567869,4728.378930608276,-4548.831006264455,3326.388243169821
27592.22362974027,1021.971411543784,5271.130743555872,-4235.254025162982,2914.172096134682
27592.22482623656,466.7807485112936,5758.584971841625,-3876.179061310397,2470.243341756965
27592.22602398033,-93.9546113928114,6185.244720195376,-3475.479262714784,1999.449575961663
27592.22722248632,-654.0457149040604,6546.298596960001,-3037.514561053972,1506.959132923186
27592.22842126214,-1207.294694513397,6837.67673625206,-2567.084716725491,998.2044332656578
27592.22961981418,-1747.571425546766,7056.104479173623,-2069.371934087844,478.8158734684239
27592.23081764742,-2268.887231023605,7199.144729033153,-1549.880326776525,-45.44492830703985
27592.23201430026,-2765.481785965964,7265.231768389649,-1014.35518315269,-568.7693309205008
27592.23320930529,-3231.874963242498,7253.68463984801,-468.7308971376909,-1085.354321470648
27592.23440223323,-3662.950078938441,7164.7164092746,80.9597736236386,-1589.49110203277
27592.2355926958,-4054.012386145242,6999.422862669753,628.6597737031888,-2075.633493277909
27592.23678031532,-4400.831777983555,6759.767545281182,1168.345695376265,-2538.450238747464
27592.23796477635,-4699.705360191306,6448.543952031868,1694.12193590152,-2972.906938582272
27592.23914577205,-4947.480937621831,6069.346384418561,2200.264673898089,-3374.302073799543
27592.2403230589,-5141.602469250386,5626.506618888124,2681.311059104006,-3738.338815965486
27592.24149640774,-5280.123431203474,5125.051478055481,3132.099210551358,-4061.154443226987
27592.24266565339,-5361.730661181422,4570.618813191939,3547.844446636575,-4339.375418311058
27592.24383068161,-5385.746245598838,3969.387261792459,3924.182167469117,-4570.143626737161
27592.24499137904,-5352.127314183001,3328.026353203756,4257.196530649353,-4751.133385405779
27592.24614770728,-5261.46038781182,2653.577826581132,4543.482725030502,-4880.585824346523
27592.24729966836,-5114.943065318529,1953.388146857789,4780.164939990603,-4957.311917527933
27592.24844728276,-4914.366583581123,1235.037696424233,4964.917278817589,-4980.697582768811
27592.24959062391,-4662.084345393804,506.2344153590211,5095.989079201248,-4950.705396892038
27592.25072978447,-4360.984690049419,-225.2505653076134,5172.210794954443,-4867.86668035181
27592.25186492836,-4014.439149850525,-951.700004403573,5193.002123497517,-4733.264483448377
27592.25299620982,-3626.28200105855,-1665.480131655427,5158.365564068621,-4548.521250845023
27592.25412385725,-3200.738717536997,-2359.172325647036,5068.880137500145,-4315.764901786288
27592.25524811638,-2742.39362885434,-3025.610842016473,4925.685934787129,-4037.606103319801
27592.25636927172,-2256.130833791948,-3657.965563613128,4730.463870755785,-3717.101367078477
27592.25748763005,-1747.087397412204,-4249.796657265393,4485.413343977672,-3357.720087104733
27592.25860353957,-1220.590163705482,-4795.123721238249,4193.219367713128,-2963.298427436155
27592.25971736509,-682.1118387004938,-5288.465301178593,3857.024787520747,-2538.004324615246
27592.26082951005,-137.2056138429013,-5724.895924048456,3480.38785853983,-2086.284781764756
27592.26194038193,408.5324628513583,-6100.071994429147,3067.253831968011,-1612.833105098551
27592.26305043344,949.5369119389571,-6410.28132782562,2621.898879383451,-1122.524727611784
27592.26416009989,1480.294212909467,-6652.451709441912,2148.910390117298,-620.3963813250589
27592.26526984911,1995.417788036289,-6824.189608526189,1653.122816468282,-111.5764795760406
27592.26638015876,2489.685235862199,-6923.789095390365,1139.579864554773,398.7530762127808
27592.2674914832,2958.070844155509,-6950.242733745467,613.5032870924972,905.389240497901
27592.26860429233,3395.808498594802,-6903.25362649031,80.22720912991062,1403.173252986416
27592.26971904139,3798.421564859199,-6783.235242792221,-454.8364615753204,1887.023866142989
27592.27083616962,4161.764375274298,-6591.31062954444,-986.2463970628838,2351.983563513646
27592.27195608468,4482.057413675096,-6329.309284921743,-1508.574285261942,2793.258638642864
27592.27307916949,4755.928303264419,-5999.755664773465,-2016.45883227571,3206.268497082843
27592.27420580262,4980.450133076291,-5605.843221736553,-2504.665088555944,3586.696920758209
27592.27533629805,5153.159743961922,-5151.429974335331,-2968.10811353682,3930.513979113229
27592.27647092405,5272.09528746401,-4641.008232522081,-3401.913923211362,4234.027894401141
27592.27760993528,5335.824745505637,-4079.654176920917,-3801.481688754668,4493.93375138459
27592.27875349945,5343.462073606588,-3473.021034726035,-4162.506322612764,4707.333826667047
27592.27990174316,5294.691858493016,-2827.272173677658,-4481.045791891765,4871.787586602979
27592.28105475313,5189.780129083102,-2149.024371340588,-4753.566525210819,4985.342972922883
27592.28221254312,5029.58457351447,-1445.306395900133,-4976.979249302867,5046.561840588906
27592.28337507587,4815.55643487346,-723.4800675032843,-5148.686997476713,5054.548882329878
27592.28454227216,4549.732994455808,8.83870022650899,-5266.622258150924,5008.970162629968
27592.2857139694,4234.735839431401,743.8321064597762,-5329.275285049705,4910.068965886984
27592.28688994871,3873.749667587434,1473.580700689667,-5335.727807069839,4758.676397076621
27592.28806998913,3470.477581703044,2190.184000850124,-5285.671406405143,4556.202922930587
27592.28925376686,3029.139645494163,2885.787750418484,-5179.421703616132,4304.646036565143
27592.29044094873,2554.402554312562,3552.732427353074,-5017.923330800409,4006.56292271682
27592.29163113904,2051.351176245003,4183.612995938804,-4802.751776648585,3665.059268408922
27592.29282393781,1525.411323958578,4771.400736796969,-4536.09491221808,3283.7452523105
27592.29401888424,982.3141146570704,5309.50050627724,-4220.745104609191,2866.715545933716
27592.29521552511,428.001507120484,5791.866827378326,-3860.057502101935,2418.484308583202
27592.29641337691,-131.4254940264552,6213.061323510059,-3457.923585963543,1943.947384597603
27592.29761194838,-689.7884530135318,6568.331964766062,-3018.722922025212,1448.318967624387
27592.29881072775,-1240.899008949717,6853.670801448994,-2547.278732415145,937.0765300307517
27592.30000923553,-1778.657294082591,7065.878094396901,-2048.781444592083,415.8738088445621
27592.30120698717,-2297.107545847316,7202.590487032851,-1528.740844699535,-109.5111771917786
27592.30240351743,-2790.520216194437,7262.314555539617,-992.9107168619415,-633.2555256725441
27592.3035983694,-3253.455556435905,7244.442704117374,-447.2246413922574,-1149.556403633337
27592.30479111935,-3680.837820028617,7149.258891528423,102.2863975073049,-1652.711150685962
27592.30598138126,-4068.014258360358,6977.927789085363,649.5684542186351,-2137.18621862673
27592.30716877416,-4410.797291441695,6732.480783644832,1188.601448750107,-2597.668641156854
27592.30835297656,-4705.528161433087,6415.777985501457,1713.494788726283,-3029.149274031874
27592.30953369386,-4949.104677595304,6031.471813993414,2218.540561148392,-3426.965926970453
27592.31071067391,-5139.016448663282,5583.953547320119,2698.285293222505,-3786.860484788001
27592.31188371656,-5273.367932869685,5078.289311454931,3147.593775395126,-4105.026148313535
27592.31305262619,-5350.888433472198,4520.17506077233,3561.686758422845,-4378.133890930179
27592.31421729548,-5370.947253926669,3915.826747001213,3936.2223035258,-4603.386385557014
27592.31537763845,-5333.544998316648,3271.93191949563,4267.31384707139,-4778.524957079816
27592.31653360498,-5239.308434319003,2595.563623198301,4551.574311394612,-4901.853120343731
27592.3176851992,-5089.473296118263,1894.08570751004,4786.151273619436,-4972.249677949492
27592.3188324511,-4885.864423860014,1175.084074375265,4968.743982738429,-4989.170136588602
27592.31997542721,-4630.868000860646,446.2752198438955,5097.624448192046,-4952.647006509733
27592.32111424936,-4327.392623647048,-284.591201018244,5171.649098340439,-4863.279751914538
27592.32224904866,-3978.841871325302,-1009.786499218246,5190.258561255185,-4722.222845455286
27592.32338001524,-3589.058421564942,-1721.715896488431,5153.47874867313,-4531.162146994186
27592.32450736774,-3162.285014699165,-2412.976526161641,5061.909481355392,-4292.291377613948
27592.32563134438,-2703.119643311483,-3076.426113537665,4916.71265037351,-4008.285773421439
27592.3267522407,-2216.448369747178,-3705.274592223087,4719.587847812156,-3682.258709603847
27592.32787037477,-1707.404908751812,-4293.126038511463,4472.750062241707,-3317.731143451204
27592.32898607699,-1181.321988671913,-4834.0330549606,4178.905107707277,-2918.596132744512
27592.3300997179,-643.663691215031,-5322.564241412433,3841.210667355014,-2489.066716833756
27592.33121170953,-99.96899293045932,-5753.847795554577,3463.236410254632,-2033.62811494596
27592.33232246209,444.1811822120363,-6123.593331697713,3048.938631641914,-1557.008541537469
27592.33343241747,983.2333005986682,-6428.140343483799,2602.608301954527,-1064.118768294887
27592.33454202615,1511.701778680534,-6664.477912402995,2128.83567480804,-560.0137803209805
27592.33565176278,2024.226528358092,-6830.270495140924,1632.458783869461,-49.83770158491097
27592.33676209757,2515.607668829471,-6923.868614932006,1118.529567395105,461.2111553100613
27592.33787349136,2980.850898688881,-6944.323663117712,592.2700527441432,967.9256440886354
27592.33898641749,3415.221918625156,-6891.395979154192,59.0141597095579,1465.147398546611
27592.34010131892,3814.272079100247,-6765.557128404019,-475.8205885937586,1947.794638552509
27592.34121864627,4173.894324444635,-6567.985362477605,-1006.800368722695,2410.925711910322
27592.34233881209,4490.345744361421,-6300.562662622924,-1528.502813480415,2849.765251280117
27592.34346221001,4760.29191514317,-5965.860808529445,-2035.576362431008,3259.758063004707
27592.34458918691,4980.835013758056,-5567.13179491272,-2522.778313148352,3636.603649111011
27592.34572005238,5149.550528088655,-5108.284314083542,-2985.030928477333,3976.304880449089
27592.34685508183,5264.516995594449,-4593.852956786573,-3417.473721263817,4275.211402522805
27592.34799451331,5324.34020361299,-4028.962945076387,-3815.511937244303,4530.058410431941
27592.34913851926,5328.17403868175,-3419.302969980739,-4174.856447640428,4737.999004031653
27592.35028721976,5275.741657187747,-2771.072692053935,-4491.578767422709,4896.645352559832
27592.35144068422,5167.348604178255,-2090.927127085741,-4762.158579227686,5004.101988388729
27592.35259891417,5003.892624663041,-1385.925731976484,-4983.52470154037,5058.993857434187
27592.35376188872,4786.858828663712,-663.4372741171012,-5153.104864583001,5060.492934712028
27592.3549295083,4518.321876863368,68.899436272299,-5268.851092942438,5008.333911026578
27592.35610161097,4200.934933179686,803.263439104104,-5329.278098293738,4902.831476158739
27592.35727797923,3837.910287950982,1531.739752597573,-5333.492184184844,4744.888446418784
27592.35845837583,3432.980820552059,2246.428713109979,-5281.210347302976,4535.989768046086
27592.35964248632,2990.384257527016,2939.50007731825,-5172.773596138583,4278.203238146971
27592.36082997293,2514.805022987263,3603.316879720735,-5009.151838415366,3974.156618957762
27592.36202043437,2011.341886667036,4230.503489599449,-4791.946130452965,3627.024601600664
27592.36321345162,1485.436023028807,4814.061591257849,-4523.373044118738,3240.487981566274
27592.36440859026,942.808799548756,5347.455409892059,-4206.242389227285,2818.693287296546
27592.36560537676,389.4078683463351,5824.682213988892,-3843.935975188124,2366.216645453052
27592.36680332904,-168.6749823591105,6240.362650939824,-3440.365258610542,1888.003021545264
27592.36800195643,-725.2754217547515,6589.807853008228,-2999.927678657859,1389.30934700634
27592.36920075594,-1274.228060526984,6869.078598474477,-2527.458495397875,875.6450913346416
27592.37039923767,-1809.451920684615,7075.041991216724,-2028.165003475094,352.6965217452871
27592.37159693084,-2325.025485361484,7205.408352549463,-1507.561275365258,-173.7441420242553
27592.37279334557,-2815.241275825995,7258.755394826149,-971.4191826766466,-697.8312033566342
27592.37398804223,-3274.703541894065,7234.551502862509,-425.6690096279764,-1213.765937404858
27592.37518062358,-3698.38536827603,7133.15073675937,123.6694558554206,-1715.861620785662
27592.37637066887,-4081.663519990941,6955.790966314038,670.5282528461237,-2198.582925082815
27592.37755781568,-4420.401536247028,6704.570752236628,1208.900798381513,-2656.645734397442
27592.37874173955,-4710.986049828548,6382.416278914106,1732.903121150187,-3085.068580494875
27592.37992216453,-4950.366063296174,5993.035386417319,2236.846043951615,-3479.231644804556
27592.38109883188,-5136.076406360307,5540.876661691846,2715.286122219851,-3834.916593278812
27592.38227153996,-5266.268494151229,5031.057649838813,3163.103038592923,-4148.364753940601
27592.38344011903,-5339.719687233881,4469.306766651174,3575.544261504268,-4416.307074702384
27592.38460444863,-5355.841587127852,3861.883184886215,3948.281320754051,-4636.00021840413
27592.38576444316,-5314.677477989638,3215.505907903252,4277.448178620461,-4805.247588279606
27592.38692006296,-5216.893751195466,2537.266751442257,4559.682028333943,-4922.419029251376
27592.38807129197,-5063.76617954839,1834.559551546135,4792.1486832335,-4986.459419707886
27592.38921817826,-4857.152980713549,1114.970389274039,4972.575413779619,-4996.895573839312
27592.39036079801,-4599.469327368288,386.2131474183141,5099.259040099751,-4953.829651881078
27592.39149926175,-4293.653797570644,-343.958706647395,5171.078564636254,-4857.931518436996
27592.39263372779,-3943.125562910676,-1067.84404269921,5187.499253923523,-4710.422042864489
27592.39376436963,-3551.750885747774,-1777.853969927387,5148.568830614689,-4513.056027045684
27592.39489140382,-3123.788775378714,-2466.607367333397,5054.910325826362,-4268.093861111399
27592.39601509982,-2663.835391848594,-3127.009366013274,4907.703547452818,-3978.266084521091
27592.39713573174,-2176.791082228472,-3752.29069251069,4708.669921840543,-3646.749961556301
27592.39825362942,-1667.786321432407,-4336.10080243118,4460.041145009679,-3277.118391416133
27592.39936911658,-1142.154426918631,-4872.532163368851,4164.541818828904,-2873.317694930315
27592.40048259593,-605.3374263777897,-5356.214526302856,3825.335539382439,-2439.594605151136
27592.40159445383,-62.87604385517749,-5782.313469022215,3446.012513572653,-1980.484566335735
27592.40270510137,479.6632378538015,-6146.592412030557,3030.541367707841,-1500.751422115652
27592.40381498943,1016.748777612451,-6445.448868454713,2583.22020764241,-1005.332181977392
27592.40492455813,1542.910852563654,-6675.926318432847,2108.65226190732,-499.3107933775946
27592.40603429694,2052.820168066672,-6835.75034483384,1611.676144524474,12.15699023863181
27592.40714466398,2541.297817258433,-6923.328416076202,1097.354255529348,523.8549267576605
27592.40825612463,3003.380798420367,-6937.772072464816,570.9099431554455,1030.571685422042
27592.40936916048,3434.369273251183,-6878.900002603865,37.67465027822698,1527.152379248563
27592.41048422082,3829.849341960868,-6747.239668901805,-496.9374471243844,2008.523482856707
27592.4116017374,4185.741640900098,-6544.027736886756,-1027.485390811935,2469.746737080454
27592.41272212511,4498.340723731309,-6271.201938825278,-1548.551722824601,2906.06569265539
27592.41384578312,4764.351040991267,-5931.385906818961,-2054.792935447843,3312.950817314468
27592.41497304981,4980.911065337648,-5527.885029703752,-2540.96976751974,3686.127835194071
27592.41610424128,5145.636344726702,-5064.653459368625,-3002.016250564351,4021.636563789035
27592.41723962767,5256.64332949575,-4546.271934946198,-3433.080189790285,4315.86488450301
27592.41837943933,5312.57623047435,-3977.909940124854,-3829.576301219418,4565.591242844572
27592.41952384869,5312.62793650776,-3365.292831872632,-4187.229574906538,4768.018920002368
27592.4206729666,5256.560082882311,-2714.657262580103,-4502.124492981577,4920.813222926767
27592.42182685401,5144.716760616834,-2032.690304742969,-4770.756405928004,5022.137000982886
27592.42298553342,4978.028941802959,-1326.460101886285,-4990.077116186259,5070.678658098872
27592.42414894973,4758.020366854957,-603.3716539387553,-5157.527489023276,5065.673464365454
27592.42531698588,4486.803439593272,128.915578177408,-5271.080793047598,5006.926385476151
27592.42648948623,4167.061648841299,862.5819198789297,-5329.27737342202,4894.823868022241
27592.42766624474,3802.03119652615,1589.723965589665,-5331.248045745507,4730.338849641451
27592.42884699293,3395.478749203805,2302.434461607191,-5276.734997073874,4515.032567890211
27592.43003142718,2951.659173970692,2992.909016414515,-5166.105190211669,4251.043011590413
27592.43121920096,2475.276236956578,3653.531966704578,-5000.355038422773,3941.06973991485
27592.43240991395,1971.439838984846,4276.961915838456,-4781.11089000466,3588.354724473884
27592.43360313834,1445.60154816849,4856.236664552571,-4510.61572131897,3196.645503057701
27592.4347984482,903.4804934803517,5384.871509487763,-4191.700807843442,2770.145423520745
27592.43599534974,351.0299033861145,5856.908415601927,-3827.775770466171,2313.492700483363
27592.43719337708,-205.6748245773765,6267.033657240628,-3422.767767244989,1831.675053388949
27592.43839204163,-760.4845427505377,6610.621495703367,-2981.091025943441,1329.990311322065
27592.43959083621,-1307.251108575207,6883.797941773804,-2507.597619188479,813.9844270234853
27592.44078926458,-1839.914770193486,7083.49904603419,-2007.510422638209,289.3736584522171
27592.44198686962,-2352.588593549632,7207.5093170308,-1486.347891104108,-238.036547227046
27592.44318316307,-2839.598161693083,7254.478651343604,-949.8880692906123,-762.3901928453161
27592.44437770935,-3295.585123788515,7223.947385994928,-404.0634154949839,-1277.887486382638
27592.44557007191,-3715.548098975836,7116.345347418031,145.0870353223228,-1778.83074184676
27592.446759881,-4094.925000489747,6932.978457623084,691.5207447735788,-2259.720302585038
27592.44794677255,-4429.621909987428,6676.011229710396,1229.23526354662,-2715.292581310481
27592.44913042055,-4716.069869990462,6348.433403367602,1752.353425509804,-3140.594275342974
27592.45031053369,-4951.261258363895,5954.018156373495,2255.189831353146,-3531.036725507839
27592.45148687439,-5132.782667825975,5497.26335109343,2732.323209380235,-3882.451981881728
27592.45265923708,-5258.831441748092,4983.337909612223,3178.646864369593,-4191.129061500055
27592.45382745791,-5328.23159863014,4418.011921636903,3589.427935553949,-4453.854871488233
27592.4549914306,-5340.439190746501,3807.574652582682,3960.36150284111,-4667.947382788164
27592.45615105711,-5295.539422165542,3158.782220954567,4287.5978194216,-4831.269904883553
27592.45730630647,-5194.238732207501,2478.74578701054,4567.798495197089,-4942.259304948588
27592.45845717066,-5037.849030900206,1774.871136181848,4798.153562115357,-4999.928615986067
27592.45960369415,-4828.262722560314,1054.756206052046,4976.412464130786,-5003.873215522502
27592.46074595891,-4567.924419015915,326.1140415389646,5100.896358883253,-4954.26494859097
27592.4618840814,-4259.797690738585,-403.3098208742072,5170.507937128071,-4851.84254238878
27592.46301818597,-3907.335293430439,-1125.803443828722,5184.735612835148,-4697.900417124996
27592.4641484889,-3514.410129145678,-1833.822905334193,5143.652194246823,-4494.256314349792
27592.46527520498,-3085.295395678139,-2520.009450452329,5047.901966221189,-4243.234968115724
27592.46639860159,-2624.597839246743,-3177.296145110497,4898.685794228793,-3947.629075886351
27592.46751897306,-2137.214613211004,-3798.959401074994,4697.741338310316,-3610.668325729242
27592.46863661738,-1628.291479904493,-4378.670371577872,4447.324749127469,-3235.989835943368
27592.46975189193,-1103.143822483068,-4910.582906145358,4150.17067365994,-2827.579271049024
27592.47086518273,-567.2144730546355,-5389.365668078312,3809.462250414014,-2389.734460148684
27592.47197688631,-26.02847568231514,-5810.239627553198,3428.800698547649,-1927.027348770037
27592.47308743547,514.8728531806552,-6169.027870535403,3012.158132615882,-1444.246980199157
27592.47419725686,1049.963964592624,-6462.173943561957,2563.851238937121,-946.3697617257808
27592.47530682211,1573.811105200137,-6686.784635462329,2088.478295636683,-438.4888935502327
27592.47641658588,2081.092188741213,-6840.634806715831,1590.899037041907,74.20632657753686
27592.47752702124,2566.661892555775,-6922.193088801428,1076.174342158956,586.4945726263932
27592.47863859713,3025.587406662627,-6930.628721100264,549.528880910611,1093.160176168516
27592.47975177383,3453.191457792855,-6865.818948969378,16.30566101481492,1589.038711495027
27592.48086700818,3845.096967383246,-6728.350119695935,-518.0850061332048,2069.06646451989
27592.48198473833,4197.261719224577,-6519.514693424439,-1048.207359070173,2528.320152838363
27592.48310536929,4506.013454730816,-6241.307291158548,-1568.643099908462,2962.057437987208
27592.48422930225,4768.094825638658,-5896.404461504469,-2074.055255123757,3365.773706325498
27592.48535686683,4980.68110718544,-5488.165571480969,-2559.208124569758,3735.221701786244
27592.48648838449,5141.428172559765,-5020.591065185058,-3019.047233389681,4066.478689146191
27592.48762411875,5248.490923523733,-4498.308975954849,-3448.728531795191,4355.971575653389
27592.48876430908,5300.553197203736,-3926.5248633279,-3843.682296530824,4600.526717919916
27592.48990911281,5296.845645197253,-3311.007748932199,-4199.642036037154,4797.394604906173
27592.49105863235,5237.168965557755,-2658.031104483085,-4512.705906793712,4944.295156691109
27592.49221293174,5121.90491274774,-1974.307134165039,-4779.387904405346,5039.451621266437
27592.4933720161,4952.022960421466,-1266.935525254414,-4996.655557972122,5081.614900889185
27592.49453583784,4729.080797423048,-543.3317920186012,-5161.972432956699,5070.087671080786
27592.49570429139,4455.219583078907,188.8434751423003,-5273.334042206943,5004.742359782676
27592.49687719152,4133.15864664421,921.7502540851176,-5329.300132654895,4886.036820896042
27592.49805432717,3766.162956869758,1647.487183746407,-5329.026141915101,4715.016840859386
27592.49923542523,3358.024492863295,2358.156718567809,-5272.279779393368,4493.316785640193
27592.50042017564,2913.020345418654,3045.97061977368,-5159.454275409861,4223.147523690484
27592.5016082224,2435.873818851156,3703.335437316507,-4991.57340300585,3907.28112226334
27592.50279917118,1931.703564010491,4322.947959611173,-4770.288480389527,3549.025463166497
27592.50399260976,1405.960049747554,4897.894313436902,-4497.862852686033,3152.185942991772
27592.50518807742,864.3787120323955,5421.720263283207,-4177.158840478999,2721.036284298534
27592.50638508933,312.9049295060057,5888.526531518499,-3811.606707676792,2260.266162789863
27592.50758317881,-242.3947260860326,6293.058419350478,-3405.154398599224,1774.911684309355
27592.50878184653,-795.3806136151738,6630.751532778101,-2962.238642766827,1270.31667641214
27592.50998060626,-1339.93384249314,6897.805859780981,-2487.719723975974,752.0524035036087
27592.51117897375,-1870.024022516793,7091.228236971643,-1986.827943427603,225.8559270028722
27592.51237644287,-2379.771616420735,7208.868853680602,-1465.112844840928,-302.4275018159915
27592.51357255833,-2863.550231924402,7249.457610492049,-928.3460775133722,-826.9465152071919
27592.51476689541,-3316.042476971633,7212.608079572844,-382.459082395371,-1341.904660546523
27592.51595902505,-3732.288939496565,7098.820621389544,166.5117536692595,-1841.614079540992
27592.51714856078,-4107.763911197469,6909.472892098511,712.5183243343108,-2320.583034495671
27592.51833514499,-4438.420662838095,6646.797449964321,1249.566315302305,-2773.573800153215
27592.51951845658,-4720.738011550653,6313.847883055159,1771.788946419806,-3195.665733634328
27592.52069822176,-4951.758772567946,5914.451632425599,2273.519115082792,-3582.313653682233
27592.52187420019,-5129.114841566392,5453.160991078318,2749.347126886445,-3929.391950792499
27592.52304619185,-5251.050069981567,4935.191150532544,3194.183468659943,-4233.240450512254
27592.5242140367,-5316.433379958843,4366.352852644277,3603.313443691597,-4490.701170584998
27592.52537761109,-5324.764296928117,3752.981054225703,3972.445367860306,-4699.147931365441
27592.52653682998,-5276.171527042458,3101.856092680448,4297.755111518913,-4856.510652498666
27592.52769167727,-5171.400201168924,2420.103536796732,4575.930011631073,-4961.293944432063
27592.5288421422,-5011.798570604183,1715.146302415592,4804.181525813435,-5012.578097933727
27592.52998828219,-4799.289820237595,994.5828355519468,4980.283981796727,-5010.027494755706
27592.53113017018,-4536.349467778392,266.1334476277489,5102.579863490359,-4953.883076921403
27592.5322679234,-4225.967319445331,-462.4618757177541,5169.995651465097,-4844.953354429591
27592.53340169756,-3871.608436244022,-1183.522949883436,5182.043209529484,-4684.59690065388
27592.53453168368,-3477.170329696577,-1889.507492373082,5138.816002366229,-4474.700168781631
27592.53565810755,-3046.93615972187,-2573.087388601909,5040.9796098222,-4217.650224956576
27592.53678122379,-2585.527363913105,-3227.217594146353,4889.757270089056,-3916.304420244037
27592.53790132031,-2097.850149830898,-3845.206797826953,4686.9093470338,-3573.953764386227
27592.53901873433,-1589.034266043422,-4420.787491811544,4434.70350510212,-3194.277472329783
27592.54013380783,-1064.3985064117,-4948.148311128753,4135.893746231503,-2781.314992124296
27592.54124692419,-529.3800153201993,-5422.004335977671,3793.679754401908,-2339.410019550749
27592.54235848135,10.50762127921858,-5837.628518112226,3411.676808068225,-1873.173911942442
27592.54346891658,549.7398387870147,-6190.899547659831,2993.868034652759,-1387.428184676958
27592.54457867327,1082.81723239383,-6478.320959973869,2544.573786934345,-887.170298916184
27592.54568821026,1604.321016515095,-6697.05221470892,2068.405646546812,-377.5218003558944
27592.54679798738,2108.955741136784,-6844.927279880133,1570.22786883582,136.3134282338233
27592.54790849277,2591.609289559647,-6920.473580978006,1055.099010538341,649.1100511914062
27592.54902018267,3047.371910503104,-6922.916210865198,528.2523938836819,1155.641352142811
27592.55013352308,3471.599482317877,-6852.189465630302,-4.970402274220987,1650.746181701068
27592.55124896745,3859.94603562121,-6708.935782197342,-539.1578103178766,2129.365773413903
27592.55236694417,4208.400437541181,-6494.504625929466,-1068.87139607879,2586.585213563954
27592.5534878638,4513.328030216429,-6210.943843048194,-1588.699145991251,3017.682865992674
27592.55461211223,4771.504524542255,-5860.986463653812,-2093.30244835721,3418.172645921029
27592.55574003079,4980.145920765877,-5448.038447069004,-2577.457918256819,3783.841563469782
27592.55687192248,5136.943232632397,-4976.154255550937,-3036.111934654922,4110.796542311738
27592.55800804593,5240.090741494035,-4450.009204531859,-3464.429572673433,4395.505067393038
27592.55914862799,5288.311893767486,-3874.856556089484,-3857.849761106962,4634.838122448779
27592.56029383032,5280.878127899422,-3256.500599436368,-4212.12286705673,4826.100079584944
27592.56144376346,5217.628522115836,-2601.241867639897,-4523.365588365387,4967.068481467376
27592.56259848426,5098.981904520995,-1915.822519300801,-4788.107018647801,5056.025356049895
27592.56375799319,4925.943771853302,-1207.365495547957,-5003.332354898538,5091.784737064849
27592.56492222168,4700.109850985319,-483.3139503553816,-5166.522560648227,5073.716335791823
27592.56609105914,4423.656015960025,248.6601126972298,-5275.696295147215,5001.763921279961
27592.5672643244,4099.33109562716,980.7182405973515,-5329.438203512897,4876.457553532118
27592.56844181254,3730.424453027103,1704.969088467432,-5326.927999762337,4698.914179337032
27592.56962324991,3320.7501096065,2413.527892009179,-5267.956992839218,4470.839192964635
27592.57080832573,2874.603220020188,3098.625842972496,-5152.941863651616,4194.513252871783
27592.57199665701,2396.731828952072,3752.681456183725,-4982.933856863681,3872.783844487952
27592.57318786112,1892.260291469857,4368.432861365582,-4759.607714716576,3509.022586440273
27592.57438150414,1366.653888502194,4938.996937778893,-4485.25542961486,3107.104830830117
27592.57557713092,825.6464029309225,5457.971299379358,-4162.762222725516,2671.361769184356
27592.57677425902,275.1775015006028,5919.512086029856,-3795.579694485707,2206.535637523547
27592.57797240646,-278.6889562555432,6318.41900642207,-3387.6811278232,1717.715970154088
27592.57917107958,-829.8309243145422,6650.195222748534,-2943.520208638686,1210.285199170151
27592.58036978858,-1372.147988578297,6911.108972982857,-2467.974756731683,689.8493919514617
27592.5815680485,-1899.634584405438,7098.239587715381,-1966.288947686296,162.1712920982486
27592.5827653763,-2406.450676558301,7209.513719255641,-1444.012729205148,-366.8969880585023
27592.58396133,-2887.007771273077,7243.732904463796,-906.9183693440968,-891.5011776360664
27592.58515544928,-3336.010668705687,7200.582528830536,-360.9573952805753,-1405.828734143125
27592.58634733582,-3748.551488056388,7080.634811080503,187.8465935602392,-1904.212933941786
27592.58753658929,-4120.141785220033,6885.338707508409,733.441021167263,-2381.17218620339
27592.58872286656,-4446.78366477626,6616.992055356501,1269.843085116949,-2831.498531859127
27592.58990584125,-4725.000044351636,6278.713397148469,1791.191339740624,-3250.300724406237
27592.59108525491,-4951.883428660105,5874.384818450304,2291.835780641727,-3633.077260426113
27592.59226086219,-5125.110763649407,5408.614063512018,2766.377281972902,-3975.745405999597
27592.59343246943,-5242.972777844148,4886.662375985166,3209.743979934856,-4274.697377241347
27592.59459992116,-5304.383509886125,4314.380639341633,3617.239815976483,-4526.831756902241
27592.59576310988,-5308.885451648134,3698.130828620063,3984.596637507545,-4729.584724002452
27592.59692193991,-5256.647455663758,3044.727362454423,4308.006224276603,-4880.94681344176
27592.59807637883,-5148.455503650885,2361.328156030514,4584.173604906347,-4979.487832578123
27592.59922645142,-4985.690960817658,1655.350586540695,4810.341233614304,-5024.359798141477
27592.60037219604,-4770.312131498768,934.4127431325051,4984.30214346645,-5015.29541871837
27592.60151369878,-4504.821891334416,206.2279192184862,5104.424441679602,-4952.60601345341
27592.60265107937,-4192.234843187185,-521.4713486514206,5169.657896092551,-4837.169387140724
27592.6037844949,-3836.037208288052,-1241.018254358544,5179.537400991851,-4670.41245542032
27592.60491415017,-3440.139049867394,-1944.89801303111,5134.178332308906,-4454.285698288273
27592.60604026702,-3008.837438509212,-2625.804552206787,5034.267198029926,-4191.240296126129
27592.60716309878,-2546.763132056263,-3276.722375559467,4881.047971931859,-3884.194904543921
27592.60828294799,-2058.820635157971,-3891.003659192156,4676.297951994848,-3536.493471399952
27592.60940012621,-1550.15153577864,-4462.407191806911,4422.308185466755,-3151.876765764053
27592.61051500252,-1026.0589286467,-4985.180236459531,4121.844000704743,-2734.4241987985
27592.61162796285,-491.9709303651636,-5454.085706944086,3778.118726986172,-2288.521714341616
27592.61273940195,46.60864439797324,-5864.445047306256,3394.761757050881,-1818.820354641383
27592.61384974719,584.1650604377633,-6212.186800270229,2975.772032431962,-1330.179368411019
27592.61495944699,1115.219422189752,-6493.872405209588,2525.479036565669,-827.6221063351541
27592.61606897584,1634.381463686454,-6706.721554601918,2048.496534079858,-316.2850213312604
27592.61717877763,2136.372229018091,-6848.622745586416,1549.702525842866,198.6044847193252
27592.61828933945,2616.106168186458,-6918.163114461564,1034.161629593617,711.8103789358918
27592.61940113983,3068.712111405883,-6914.627307214876,507.1001422220619,1218.112021106757
27592.62051464019,3489.574371685653,-6838.005627425294,-26.13678902103493,1712.347696716033
27592.62163029264,3874.37869764528,-6688.996339646108,-560.1370599698938,2189.465443986746
27592.62274852715,4219.148121746181,-6469.003099369977,-1089.464650596303,2644.56416843963
27592.62386975307,4520.282257162971,-6180.126480430577,-1608.710140042909,3072.940496789826
27592.62499434412,4774.589723006079,-5825.153975115464,-2112.534151348612,3470.128449578594
27592.62612263437,4979.322805591208,-5407.543935554517,-2595.7169562212,3831.943542495316
27592.62725492223,5132.210554435859,-4931.400026173135,-3053.211849690862,4154.528163390883
27592.62839147143,5231.486518372167,-4401.438891894959,-3480.196302874196,4434.393120120366
27592.62953248816,5275.91134506497,-3822.963452190054,-3872.113851149799,4668.451646818584
27592.63067813345,5264.796046361038,-3201.814749966987,-4224.729377395782,4854.060978477301
27592.63182851715,5198.018017954269,-2544.32479311893,-4534.175412363978,4989.05549935293
27592.63298367008,5076.036071548383,-1857.277017400042,-4796.992810405343,5071.776341297771
27592.63414359815,4899.892898605731,-1147.811906890814,-5010.189126511397,5101.104402665022
27592.63530824352,4671.216720687112,-423.3797953200467,-5171.26829400435,5076.477394355334
27592.63647748439,4392.216885119995,308.3331818864492,-5278.269087101115,4997.908657031859
27592.63765114476,4065.669546138851,1039.491251236028,-5329.799222841061,4865.998736034648
27592.63882900103,3694.895035792655,1762.197865466796,-5325.061423219842,4681.938503093693
27592.6400107789,3283.730551377916,2468.581674387256,-5263.872352075228,4447.50609434848
27592.64119615046,2836.496658416695,3150.885250387952,-5146.676009698325,4165.057787291852
27592.64238475712,2357.946712457156,3801.569804669066,-4974.546735768779,3837.504853548889
27592.64357618899,1853.225739038419,4413.394203883223,-4749.188067498441,3468.292764584677
27592.64477003042,1327.796302079616,4979.527376617904,-4472.912966665594,3061.354109772908
27592.64596580817,787.3999643247116,5493.607197599315,-4148.633838840185,2621.084215382375
27592.64716305881,237.9625359258018,5949.852269642339,-3779.818489129798,2152.270757675596
27592.64836129067,-314.4580534169781,6343.117034495102,-3370.46217035768,1660.052936546208
27592.64956000533,-863.7527476400786,6668.966833824836,-2925.037893642602,1149.854714489996
27592.650758712,-1403.840674923675,6923.737358457161,-2448.439502933608,627.3149382954393
27592.65195691766,-1928.737445099201,7104.577567771821,-1945.927795829773,98.22448376755847
27592.65315415294,-2432.638117773694,7209.4890193807,-1423.057509386276,-431.5541604486484
27592.65434995285,-2909.977991690633,7237.345986189457,-885.6187229869714,-956.1486548603509
27592.65554387583,-3355.506875512291,7187.90992222829,-339.559288099457,-1469.755452598783
27592.65673553229,-3764.359838522346,7061.824822473402,209.0999157457311,-1966.720597664726
27592.65792452063,-4132.090158541714,6860.609856085415,754.3074745472976,-2441.579155776511
27592.65911050533,-4454.74622840295,6586.62860221975,1290.088727312158,-2889.151212633589
27592.66029317909,-4728.900220987574,6243.056808155802,1810.597958470039,-3304.584432918521
27592.66147226102,-4951.684646471707,5833.841083740504,2310.185095324401,-3683.408319210842
27592.66264751949,-5120.82542767734,5363.638820087911,2783.469436466583,-4021.590535518732
27592.66381876136,-5234.658809347136,4837.759093533548,3225.394052476671,-4315.574842444492
27592.66498583347,-5292.143786594055,4262.093921600188,3631.280681763275,-4562.317073833197
27592.66614862975,-5292.86632809643,3643.040292447013,3996.88055232112,-4759.314851864932
27592.66730707118,-5237.035932255434,2987.432051943238,4318.410508976547,-4904.625589129776
27592.66846112608,-5125.475838002621,2302.447497505197,4592.596101774469,-4996.885074616211
27592.66961081721,-4959.602566193858,1595.519411109124,4816.700867276632,-5035.313328738465
27592.67075618959,-4741.405435008848,874.2691191470931,4988.541430018362,-5019.712790550878
27592.67189732485,-4473.416915773783,146.4131758498681,5106.508115468078,-4950.464905494759
27592.67303434726,-4158.67594513921,-580.3251593330381,5169.574572934931,-4828.517281270732
27592.67416743163,-3800.684299634363,-1298.303399389655,5177.298739499629,-4655.362715094062
27592.67529676339,-3403.374983979621,-2000.013817948196,5129.818013644305,-4433.021020902022
27592.67642258515,-2971.050682422804,-2678.188633252808,5027.839867010127,-4164.003538837796
27592.67754515172,-2508.349509369461,-3325.843680339313,4872.627886572063,-3851.288671346396
27592.67866475039,-2020.186722378414,-3936.358608385527,4665.981453079903,-3498.282053161488
27592.67978172731,-1511.688715029318,-4503.551218121309,4410.203010132996,-3108.766184215538
27592.68089643595,-988.1611991379883,-5021.704057366956,4108.076870443041,-2686.873173134656
27592.68200925136,-455.0298003794843,-5485.623594997892,3762.835212306829,-2237.036891000252
27592.68312059419,82.2255717538094,-5890.692942296648,3378.113048414843,-1763.936078839636
27592.68423087612,618.0976077323178,-6232.887621799558,2957.926378084809,-1272.46909422339
27592.68534055505,1147.130141108619,-6508.82726108059,2506.611563705719,-767.6821840122766
27592.68645009183,1663.947650038646,-6715.785377870917,2028.796916216528,-254.7393575882415
27592.68755994372,2163.301582157758,-6851.711536786546,1529.362048709295,261.1226733023177
27592.68867059929,2640.133367413654,-6915.250600774062,1013.376146803187,774.6591681075397
27592.68978252611,3089.596030083515,-6905.745193963667,486.0743907162745,1280.641020301912
27592.69089619417,3507.108459817965,-6823.244049014628,-47.20006061459554,1773.913119139839
27592.6920120439,3888.385151352337,-6668.504161399333,-581.02926530841,2249.427224360059
27592.69313052966,4229.491444327624,-6442.981049396503,-1109.990309869723,2702.307136426662
27592.69425204009,4526.855563490733,-6148.832408697967,-1628.667078406472,3127.861298188951
27592.69537696796,4777.326945128282,-5788.891522289239,-2131.733589601925,3521.656736363072
27592.6965056365,4978.191134660346,-5366.667475838402,-2613.971114580872,3879.535943216045
27592.69763833325,5127.212415968151,-4886.313715482618,-3070.336161006863,4197.6747716646
27592.69877532299,5222.662040554043,-4352.589009131946,-3496.016228435089,4472.626594788695
27592.69991681112,5263.337539798138,-3770.834965972367,-3886.465448697268,4701.351255444592
27592.70106294427,5248.586444986055,-3146.934514021755,-4237.456580698684,4881.254936269742
27592.70221381059,5178.324716612096,-2487.262602811445,-4545.131456792198,5010.226539144855
27592.70336945953,5053.046857873018,-1798.61754759139,-4806.053205474531,5086.670828105774
27592.70452986076,4873.835308467843,-1088.18129186745,-5017.240582822608,5109.531643784459
27592.70569495819,4642.353679550491,-363.4172327361191,-5176.220396934763,5078.316650161857
27592.70686462138,4360.846132577013,367.9760425713625,-5281.054081818736,4993.111340391164
27592.70803867307,4032.119428266575,1098.162155467406,-5330.374338296717,4854.589699481194
27592.709216894,3659.519083229861,1819.254707122126,-5323.409264864209,4664.015206074322
27592.71039900469,3246.906397520535,2523.393870955454,-5260.000912757721,4423.239264705173
27592.71158466789,2798.624066091892,3202.838988517147,-5140.620043683235,4134.69185507624
27592.71277352215,2319.441296378446,3850.07955768686,-4966.367963681637,3801.354972188001
27592.71396516879,1814.508197942532,4457.917174456376,-4738.971988095939,3426.737284124103
27592.71515918647,1289.294232048486,5019.560681912157,-4460.770206752746,3014.835052056837
27592.71635510482,749.5392790056731,5528.698457774936,-4134.697411900659,2570.099967355325
27592.71755245013,201.1683748507083,5979.599911751609,-3764.246099340074,2097.375432565559
27592.71875074002,-349.7753092737639,6367.183312564151,-3353.428779358855,1601.842663616683
27592.71994946664,-897.1939574361622,6687.075653254475,-2906.739690971089,1088.968217480423
27592.72114815764,-1435.035428848283,6935.684944331182,-2429.081098197743,564.4141284529119
27592.72234631586,-1957.338062781266,7110.228075490626,-1925.727808787425,33.99626252374583
27592.72354346474,-2458.322707599558,7208.777120381224,-1402.247754213571,-496.4044703595414
27592.72473914562,-2932.460123416231,7230.279535923873,-864.4357457962242,-1020.911531108227
27592.72593292855,-3374.540331076156,7174.568001860572,-318.2388499782916,-1533.727615793543
27592.72712439089,-3779.725619385293,7042.360251000677,230.3051779031225,-2029.194364688083
27592.72831316748,-4143.62367488859,6835.241896865951,775.1628717420908,-2501.879962305836
27592.72949890191,-4462.319816755347,6555.646560524067,1310.35415246581,-2946.621769293204
27592.73068128559,-4732.432130423595,6206.815516892637,1830.040118398474,-3358.601036800984
27592.73186006342,-4951.144964608661,5792.746879855023,2328.591902429013,-3733.396652894788
27592.73303500559,-5116.229239822279,5318.149561775641,2800.641405116226,-4067.022609842879
27592.7342059124,-5226.065195820571,4788.382780196012,3241.143406625997,-4355.972726210687
27592.73537263821,-5279.656851954345,4209.376933326257,3645.43907350843,-4597.26190432062
27592.73653507812,-5276.632884285273,3587.563490061435,4009.298378995739,-4788.449326226882
27592.73769315686,-5217.243609917245,2929.802637319831,4328.95933772732,-4927.657972894301
27592.73884686911,-5102.347566663148,2243.278006116498,4601.174619768883,-5013.592759306253
27592.73999621404,-4933.397691902015,1535.449992077788,4823.223089482121,-5045.539865961683
27592.74114123319,-4712.417122022837,813.9496210694547,4992.944428316545,-5023.373010563655
27592.74228202213,-4441.965079490735,86.48478279014762,5108.754949851914,-4947.544702683968
27592.74341872437,-4125.099837661734,-639.2405683395903,5169.652367227329,-4819.070132592696
27592.74455148782,-3765.351457701723,-1355.580387467512,5175.21606273937,-4639.51360245755
27592.74568052907,-3366.659925258148,-2055.066546377881,5125.606205369672,-4410.956761122105
27592.74680607345,-2933.346225110636,-2730.446296753874,5021.552344329524,-4135.977936508889
27592.74792838196,-2470.054872462841,-3374.771031278513,4864.339175096206,-3817.615453038949
27592.7490477585,-1981.698104847745,-3981.466218730361,4655.783112514104,-3459.326882449977
27592.75016454261,-1473.404756096173,-4544.386569303342,4398.205574754578,-3064.948890380295
27592.75127908087,-950.4797441654382,-5057.856789668465,4094.410077939256,-2638.664451480389
27592.7523917834,-418.3239970418345,-5516.747062809334,3747.633912202004,-2184.936489305848
27592.75350303268,117.5761227461218,-5916.475668687006,3361.537465106033,-1708.496692926636
27592.75461327192,651.7436533389061,-6253.083635337172,2940.138266177129,-1214.262265309802
27592.75572294376,1178.733444387327,-6523.240750388,2487.788569345796,-707.3124598094537
27592.75683250953,1693.191714490207,-6724.278345424224,2009.12561924203,-192.8317765728643
27592.75794244561,2189.90268771948,-6854.206356413968,1509.027627506808,323.9372755459108
27592.75905323027,2663.8291378037,-6911.724772763413,992.5735063880319,837.7363488460642
27592.7601653153,3110.146341968692,-6896.234340657739,465.009815343115,1343.326277651789
27592.76127917622,3524.306797938102,-6807.843079394793,-68.32050091982251,1835.557930623587
27592.76239527533,3902.065047381699,-6647.362003837918,-602.0094225063463,2309.401673196067
27592.76351402526,4239.506523002613,-6416.308626396587,-1130.61523789412,2759.978921653849
27592.76463584742,4533.105277574188,-6116.888954897046,-1648.7401944699,3182.632801778786
27592.76576110772,4779.740108328327,-5751.995275341204,-2151.050490207704,3572.947206021896
27592.76689013859,4976.736732056185,-5325.184200332149,-2632.338197987722,3926.801220775104
27592.76802323816,5121.898260222752,-4840.650610035164,-3087.572032848167,4240.411694423047
27592.76916065495,5213.530936763379,-4303.202196092837,-3511.942263265884,4510.370291719789
27592.77030257541,5250.469841404574,-3718.229436827194,-3900.908288396549,4733.681920730891
27592.77144916156,5232.101422572654,-3091.642534274758,-4250.262082304678,4907.809859179383
27592.77260049078,5158.378560232846,-2429.851786369966,-4556.157271435657,5030.698978447907
27592.77375659573,5029.833738007058,-1739.689953335098,-4815.170337728563,5100.814859738829
27592.77491746362,4847.582199540279,-1028.347184931789,-5024.342765405981,5117.167739497369
27592.77608301544,4613.323634206325,-303.3132649556094,-5181.217158063113,5079.332510257333
27592.77725311307,4329.335364908833,427.7022967127384,-5283.876599923223,4987.466040851026
27592.77842758057,3998.452503871325,1156.86473516721,-5330.97750640751,4842.314358783849
27592.77960617697,3624.052801651792,1876.282284654317,-5321.772424134095,4645.216932996889
27592.78078861675,3210.022978120666,2578.107392204601,-5256.13083294066,4398.100368708952
27592.78197457492,2760.720195332027,3254.629915862932,-5134.549573008116,4103.464123600865
27592.78316367814,2280.932226723519,3898.362959705664,-4958.157410823612,3764.362442066515
27592.78435553495,1775.81576519194,4502.149413215529,-4728.706472931336,3384.368128166468
27592.78554969481,1250.857683367352,5059.228603091329,-4448.566746676044,2967.549684733483
27592.78674571476,711.7856761481555,5563.353483654959,-4120.691697750276,2518.407245702211
27592.7879431217,164.5186453080113,6008.849354179107,-3748.595457158787,2041.834968045021
27592.78914142026,-384.9051122336677,6390.69119173239,-3336.315246067517,1543.064237261558
27592.79034013346,-930.4177071457965,6704.580299264355,-2888.35249934027,1027.586415640123
27592.79153876387,-1465.976055726861,6946.985465563006,-2409.63411778813,501.1043259548364
27592.79273682844,-1985.649931945183,7115.197587818499,-1905.442592231832,-30.54992129059019
27592.79393384047,-2483.685206825726,7207.359953494336,-1381.360545648184,-561.4767990335645
27592.79512934863,-2954.589179926625,7222.4944439706,-843.1871912544536,-1085.797337795128
27592.79632292076,-3393.187956649617,7160.507074139509,-296.8750308603801,-1597.716117852746
27592.79751415663,-3794.691262036331,7022.185031810592,251.5471253303965,-2091.595261287926
27592.7987026749,-4154.742676899221,6809.183929895891,796.0400030522167,-2562.015088812707
27592.79988813575,-4469.47585266548,6524.000077397674,1330.635534260655,-3003.846137759084
27592.80107022491,-4735.551441720028,6169.937422767438,1849.499284271685,-3412.301167029686
27592.80224868354,-4950.198477464098,5751.053255239,2347.010639266398,-3782.998732025279
27592.80342328809,-5111.234876145785,5272.107482458335,2817.816627067817,-4112.002190905379
27592.80459383499,-5217.086032148813,4738.508629300855,3256.885473977047,-4395.857577038792
27592.80576019926,-5266.801705156576,4156.218378257021,3659.582745080662,-4631.642355549304
27592.8069222793,-5260.051760458678,3531.699708656585,4021.697098636423,-4816.97692652602
27592.8080799844,-5197.127012508983,2871.848610278934,4339.481708171967,-4950.046928215562
27592.80923332495,-5078.92345633032,2183.86049278227,4609.715079225622,-5029.627018331354
27592.81038228751,-4906.931086897738,1475.216842119959,4829.695971485608,-5055.072651113899
27592.81152693807,-4683.201482326665,753.5397419901819,4997.291932467511,-5026.328766927803
27592.81266738965,-4410.316587864899,26.52464774916825,5110.942877297918,-4943.915632213737
27592.81380375747,-4091.364986147358,-698.1142589964106,5169.665919155834,-4808.919189682548
27592.8149362112,-3729.891113279823,-1412.759043346196,5173.064512333991,-4622.969579231807
27592.81606495384,-3329.855453693508,-2109.953516504713,5121.321046834476,-4388.216692882399
27592.81719021234,-2895.591301736883,-2782.472853330456,5015.187897846753,-4107.30310540605
27592.81831226604,-2431.743989248998,-3423.411514351542,4855.968950638973,-3783.322892115286
27592.81943141799,-1943.229339099744,-4026.231025154081,4645.499683873933,-3419.789641618111
27592.82054799872,-1435.179801244258,-4584.822937224249,4386.121937450132,-3020.595260253402
27592.82166237622,-912.8860854334125,-5093.567931466856,4080.651163321638,-2589.962478256623
27592.82277493476,-381.7530136076128,-5547.373656942319,3732.347600455035,-2132.406752863409
27592.82388608855,152.7601166354856,-5941.723590132702,3344.8759813959,-1652.684110215493
27592.82499627022,685.1867128559331,-6272.70809368127,2922.269164677192,-1155.747474584919
27592.82610592364,1210.10088484624,-6537.053351505181,2468.889559654195,-646.7013950482715
27592.8272155083,1722.169694654307,-6732.147875667046,1989.384168669586,-130.7512123424885
27592.82832550959,2216.205895920112,-6856.061093725068,1488.634364859154,386.8507879431727
27592.82943640339,2687.197881264204,-6907.550416971942,971.7253304257927,900.8371470627708
27592.83054866196,3130.357751249066,-6886.073440715589,443.897474108193,1405.975821660903
27592.83166273472,3541.157603825826,-6791.794346630707,-89.49189841410727,1897.109315875588
27592.83277907386,3915.381421727857,-6625.583094093869,-623.0293209741227,2369.213584320473
27592.83389811229,4249.155577797138,-6389.00982215474,-1151.283892227708,2817.434355062752
27592.83502024866,4538.982570737287,-6084.338957391283,-1668.849931579303,3237.12717461946
27592.83614585175,4781.77921816464,-5714.514934815825,-2170.399791533774,3623.905041258007
27592.83727525331,4974.908697858816,-5283.144228440702,-2650.731710585698,3973.680244048555
27592.83840874447,5116.211181523497,-4794.471033369756,-3104.819798077172,4282.706559245639
27592.83954656087,5204.030779681659,-4253.352591773069,-3527.859945672787,4547.617395202565
27592.84068891332,5237.242591258816,-3665.206586750554,-3915.332432339505,4765.472616293282
27592.84183592892,5215.269926071627,-3035.995470320053,-4263.031204041313,4933.782958399356
27592.84298770258,5138.103224692426,-2372.149837495564,-4567.131287300107,5050.555044656716
27592.84414426268,5006.31043691571,-1680.528432773563,-4824.224552331279,5114.315528842416
27592.84530558532,4821.042197523807,-968.3460780431119,-5031.368464578038,5124.139205267748
27592.84647156576,4584.036388028111,-243.1206125247238,-5186.122852285042,5079.670576843767
27592.84764209134,4297.596274735621,487.4488975697175,-5286.596743289719,4981.136726186762
27592.84881695747,3964.591844677622,1215.511539329999,-5331.467353739627,4829.357943155655
27592.84999592813,3588.425011269094,1933.187559318897,-5320.012634080966,4625.746354679414
27592.85117870069,3173.009969792531,2632.635533429981,-5252.128309562979,4372.304464339306
27592.85236495984,2722.718455874322,3306.174930318273,-5128.336999776837,4071.601118915167
27592.85355432961,2242.352339409769,3946.34795316638,-4949.793096388525,3726.759614541038
27592.85474638036,1737.093349602843,4546.0162286684,-4718.281743010414,3341.430701052754
27592.8559406927,1212.41986207263,5098.481135351612,-4436.193563538012,2919.735695147847
27592.85713680285,674.0677857244759,5597.538022815491,-4106.511435288054,2466.238971700245
27592.85833425158,127.9437919135048,6037.576087017273,-3732.768960127978,1985.880735505933
27592.85953256292,-419.9340178597805,6413.638023801278,-3319.016970187068,1483.928343410975
27592.86073121905,-963.4953204355589,6721.47875297352,-2869.789630585557,965.9274548686876
27592.86192974055,-1496.726584483543,6957.643783707435,-2390.024300694774,437.6030676666865
27592.86312765538,-2013.728328025234,7119.498457564648,-1885.012411369112,-95.19621823182661
27592.86432448998,-2508.781753385088,7205.259756323151,-1360.340961700372,-626.5637338166791
27592.86551978239,-2976.423152729925,7214.021266819888,-821.8209174022074,-1150.611141231372
27592.86671310937,-3411.518963919396,7145.76170679276,-275.405089887514,-1661.550613238036
27592.86790407216,-3809.318916423781,7001.338882453625,272.8771649989,-2153.756802556072
27592.86909228962,-4165.508567669638,6782.477202101288,816.9883716423416,-2621.830104104531
27592.87027742563,-4476.266368536093,6491.738073970249,1350.966796099739,-3060.670256082983
27592.87145917658,-4738.300108797614,6132.483952030466,1868.990113066362,-3465.528657783899
27592.87263727436,-4948.881845380129,5708.831752086089,2365.443630215343,-3832.062224146766
27592.87381149777,-5105.875816445536,5225.593164765555,2834.988148630865,-4156.383334978481
27592.87498165893,-5207.754107306865,4688.216204244545,3272.612858306396,-4435.095601544462
27592.87614762448,-5253.609014216609,4102.705920638163,3673.696779627818,-4665.332259730509
27592.87730928298,-5243.153495641045,3475.564683955457,4034.044739755554,-4844.775158245402
27592.87846659089,-5176.717185935141,2813.688942740871,4349.944051488613,-4971.682004046215
27592.87961951466,-5055.235372114287,2124.318144170701,4618.182037440003,-5044.889754036345
27592.88076807761,-4880.229223864763,1414.92439598656,4836.088591257867,-5063.826195415788
27592.88191234531,-4653.779980032591,693.134665855483,5001.552394163744,-5028.504767703319
27592.88305241328,-4378.500781828378,-33.34629763870453,5113.033973837812,-4939.51648706709
27592.88418841586,-4057.499918130535,-756.8250423934942,5169.575912243117,-4798.015816526598
27592.88532052191,-3694.341566874733,-1469.69831998205,5170.804107026275,-4605.700580670353
27592.88644894164,-3292.999328692714,-2164.535801003665,5116.922919858685,-4364.784878121634
27592.88757390424,-2857.816808858442,-2834.14105299042,5008.705611346976,-4077.973282827984
27592.88869568878,-2393.446570406409,-3471.640721222666,4847.476385121278,-3748.419206867753
27592.88981459448,-1904.809405594311,-4070.531765778169,4635.091142477239,-3379.693358652631
27592.89093096035,-1397.033336756122,-4624.752377321367,4373.908735979678,-2975.736512474899
27592.89204514788,-875.4073643721686,-5128.726188395243,4066.763507259459,-2540.820735945093
27592.89315753926,-345.3289175688726,-5577.410495157782,3716.932885336817,-2079.504697817871
27592.89426856953,187.7649194478746,-5966.349590417562,3328.089155109563,-1596.572192137369
27592.89537866535,718.4204605846478,-6291.6855782591,2904.279130278364,-1097.009255800269
27592.89648827661,1241.233543018739,-6550.202230812916,2449.873370104568,-585.9427312743405
27592.89759786717,1750.894928320665,-6739.345436610938,1969.525585990391,-68.59505209620738
27592.89870791275,2242.237302281392,-6857.240689283202,1468.128428569502,449.7636970150381
27592.89981889464,2710.278424700956,-6902.704605846515,950.77020270312,963.8612105564398
27592.90093128519,3150.259507124617,-6875.252797873523,422.6949637476081,1468.464131638606
27592.90204555037,3557.689459184066,-6775.104865609625,-110.7459235407346,1958.42672396578
27592.90316212254,3928.376881305305,-6603.187480093127,-644.129111266066,2428.72630931894
27592.90428143468,4258.482243687547,-6361.125980691038,-1172.0249038692,2874.524962397624
27592.90540387333,4544.540323267509,-6051.241587672107,-1689.02496251868,3291.195951864182
27592.9065298143,4783.506604613515,-5676.528724730468,-2189.809711975104,3674.383241673805
27592.90765958645,4972.780655831956,-5240.643230616917,-2669.1824935574,4020.031708342097
27592.90879345999,5110.237786195993,-4747.884006363643,-3122.117256537353,4324.428683330098
27592.90993168842,5194.262879048379,-4203.14328112472,-3543.827446091563,4584.257447929058
27592.91107445328,5223.767582498159,-3611.891457124234,-3929.794973535263,4796.621459197409
27592.91222190359,5198.214102553208,-2980.113893105593,-4275.835454335179,4959.090570677087
27592.91337410597,5117.630839821026,-2314.285688683407,-4578.131363647605,5069.726523055279
27592.91453110312,4982.621333666583,-1621.281001062233,-4833.296352102375,5127.120687562835
27592.91569286103,4794.371517417991,-908.3380323483987,-5038.404493023232,5130.41302587169
27592.91685926616,4554.653601740402,-182.9912611395782,-5191.035097478334,5079.317144166872
27592.91803020486,4265.80151805374,547.0550913631391,-5289.319414704411,4974.131000794296
27592.91920546626,3930.714436315641,1273.948669945766,-5331.957584265178,4815.747525193999
27592.92038480564,3552.821465769554,1989.814067068038,-5318.251996973266,4605.652704938995
27592.92156792881,3136.054813947845,2686.831843063674,-5248.123105665766,4345.919250637931
27592.92275449423,2684.812600177931,3357.330402799633,-5122.120860299492,4039.192441475146
27592.92394412486,2203.910682553267,3993.883849290302,-4941.42692962709,3688.665341444109
27592.92513640572,1698.533047093121,4589.400399226585,-4707.849645505772,3298.049504465869
27592.92633090566,1174.166201286202,5137.220299557455,-4423.806002235118,2871.530457026886
27592.9275271559,636.5468397908448,5631.188206306274,-4092.303909187829,2413.730413311748
27592.92872468655,91.58011383910278,6065.746948126101,-3716.902977777275,1929.644227914691
27592.92992301675,-454.7250766831405,6436.001620081121,-3301.677462927255,1424.585569649932
27592.93112164895,-996.3242942147343,6737.780773588798,-2851.173405581178,904.1282341773249
27592.93232009387,-1527.220929863191,6967.69713607018,-2370.347866749511,374.030171121191
27592.93351788314,-2041.54317787079,7123.189592805555,-1864.504447283548,-159.8409583909356
27592.93471454215,-2533.602178739727,7202.54941990255,-1339.241342853362,-691.5657362223069
27592.93590962445,-2997.974567933427,7204.945179100077,-800.3702053486304,-1215.258926208114
27592.93710270478,-3429.562974452355,7130.42808795362,-253.8490330708252,-1725.13642329752
27592.93829338372,-3823.656969170112,6979.927816000079,294.2911669643937,-2215.58561214393
27592.93948129002,-4175.987650731581,6755.236677855892,838.0192281810298,-2681.232050489475
27592.94066609216,-4482.778289870806,6458.980271261526,1371.380165587672,-3117.005794786106
27592.94184748586,-4740.781169410634,6094.582461286468,1888.55883012838,-3518.193842633115
27592.94302521316,-4947.315486741495,5666.213300035246,2383.954969354051,-3880.498916743501
27592.94419903701,-5100.288312509554,5178.742031220893,2852.235555369611,-4200.077575913393
27592.94536878894,-5198.219432765039,4637.654690553181,3288.412724387995,-4473.593367222787
27592.94653434338,-5240.244271833911,4048.990914868821,3687.884784828535,-4698.239420704813
27592.94769558483,-5226.116640619335,3419.287018098686,4046.473299054848,-4871.75894988597
27592.94885246845,-5156.205793343193,2755.46579879419,4360.485276703889,-4992.475337215722
27592.95000497878,-5031.482310064496,2064.774564269586,4626.73366110241,-5059.295062961201
27592.95115312259,-4853.502906858814,1354.706672279472,4842.566392339858,-5071.714363833528
27592.9522969793,-4624.377808094662,632.885047130047,5005.897837691022,-5029.817595957868
27592.95343664612,-4346.746795356548,-92.98932583934402,5115.211624456256,-4934.265831155582
27592.95457226694,-4023.738745074452,-815.2385368071452,5169.573828391746,-4786.281690749325
27592.95570400881,-3658.937258969953,-1526.27410127552,5168.632538074577,-4587.6305724157
27592.95683207479,-3256.333887453289,-2218.683543548026,5112.615040148017,-4340.593902515614
27592.95795671266,-2820.276754033562,-2885.310021785504,5002.315513453586,-4047.935057519109
27592.95907821451,-2355.41923634034,-3519.320407653035,4839.075915476617,-3712.861838825805
27592.96019686616,-1866.689817125844,-4114.241465486612,4624.772502347672,-3339.003260843429
27592.9613130017,-1359.217604445472,-4664.05152874605,4361.783826500914,-2930.352854347578
27592.96242699639,-838.280216829771,-5163.227376461635,4052.958072701894,-2491.223749602351
27592.96353923502,-309.2647849827761,-5606.776271668738,3701.586818461737,-2026.214098509466
27592.96465012871,222.3925810295963,-5990.286238542169,3311.364601031591,-1540.153589285027
27592.96576014081,751.2715560442807,-6309.966921695316,2886.337948203758,-1038.042309132549
27592.96686969386,1271.973945917571,-6562.650267539851,2430.898455274597,-525.0435766649821
27592.96797927701,1779.224233448715,-6745.845527580244,1949.698599339771,-6.386530507399584
27592.96908934899,2267.871742859903,-6857.733119124151,1447.645617149722,512.6384054333137
27592.97020039834,2732.964536728637,-6897.189448076456,929.8303465761455,1026.755899761419
27592.97131290085,3169.774275349181,-6863.78818891982,401.4991096300583,1530.733715557704
27592.97242732052,3573.839966825707,-6757.806160240879,-131.9936536423663,2019.430705267547
27592.97354408119,3941.000211460507,-6580.227957373801,-665.2201009837988,2487.832174762333
27592.97466364066,4267.457133318364,-6332.728761019172,-1192.763598554345,2931.127621830724
27592.97578636858,4549.774619481525,-6017.684554323998,-1709.210529899552,3344.70597454135
27592.9769126306,4784.941791824533,-5638.143345987632,-2209.241282286037,3724.236274119552
27592.978042759,4970.395936958657,-5197.807991010024,-2687.667132895392,4065.699026544976
27592.97917702752,5104.049513678219,-4701.020087984717,-3139.471241252067,4365.421835150015
27592.98031566468,5184.322047818603,-4152.724236090404,-3559.867044710987,4620.12642480157
27592.98145885125,5210.163916850409,-3558.42976021519,-3944.348728295266,4826.967233986958
27592.98260673266,5181.075216837477,-2924.15738844849,-4288.744949276473,4983.568923530178
27592.98375937671,5097.121098872142,-2256.409748137636,-4589.254253728095,5088.052755694899
27592.98491681326,4958.941731738942,-1562.091161482564,-4842.504480198482,5139.072022892839
27592.98607899702,4767.759612694675,-848.4637705683108,-5045.587418638002,5135.83359965143
27592.98724583658,4525.375272359874,-123.0588754116873,-5196.106678929873,5078.119716523614
27592.98841717485,4234.16189161963,606.3885264698429,-5292.210465039185,4966.301546593664
27592.98959283105,3897.0389909284,1332.047981611151,-5332.625515561979,4801.341852518563
27592.99077253732,3517.465975225659,2046.04012989633,-5316.677370211642,4584.801659739338
27592.99195599888,3099.396149751937,2740.563029775055,-5244.312217366613,4318.825975202655
27592.9931428659,2647.247472898254,3407.965568951422,-5116.106673062463,4006.132621052862
27592.99433276548,2165.84664536679,4040.856688888483,-4933.267895525082,3649.981542720342
27592.99552529156,1660.381276670068,4632.187827263855,-4697.627136407422,3254.145233681744
27592.99671998266,1136.353688162308,5175.329989992439,-4411.632002232356,2822.879381789187
27592.99791640393,599.4836976459089,5664.194543484814,-4078.305416285566,2360.848763544044
27592.99911405846,55.68157150447365,6093.269180654846,-3701.235664373444,1873.107242757782
27593.00004669423,-368.494714423203,6382.706573365166,-3380.114178641474,1479.147945237479
