DefaultSC.A1ModJulian,DefaultSC.EarthMJ2000Eq.X,DefaultSC.gse.X,DefaultSC.gse.Y,DefaultSC.gse.Z
27592.00004669423,4871.599042907704,-1997.974465275831,-4470.614425430203,5302.990165486
27592.00074113868,4759.555269696257,-1572.646423204182,-4585.734760056064,5362.194136455291
27592.00183925706,4545.794694862943,-888.6085889097574,-4732.190629433142,5414.222719148197
27592.00299807524,4273.916378165677,-157.8756268071718,-4838.47579670155,5413.794983982594
27592.00416768812,3954.472426729428,581.2570070091451,-4894.759209785754,5356.171552182117
27592.0053424138,3591.789216722108,1317.411532154512,-4899.492285145255,5241.474405621675
27592.00652139687,3189.748676439976,2042.224056530455,-4852.34469902083,5070.696137965469
27592.00770426458,2752.577317761536,2747.725934097432,-4753.609987400743,4845.463148356042
27592.00889069344,2284.898484153572,3426.159568986133,-4604.16001736183,4568.014831849557
27592.01008028576,1791.725894280955,4069.995251717355,-4405.447256406296,4241.203337628172
27592.011272664,1278.37232347798,4672.074254495485,-4159.481743702917,3868.444466003962
27592.01246735845,750.4378540280619,5225.637048370313,-3868.833811225238,3453.716004940498
27592.01366390378,213.7063347309238,5724.459504793571,-3536.59302164799,3001.489546046679
27592.01486182911,-325.9182309578885,6162.922563691985,-3166.334924737552,2516.681844039971
27592.01606063909,-862.4723756786897,6536.075486884951,-2762.087501615725,2004.606843207072
27592.01725983528,-1390.013540229425,6839.707782275823,-2328.279902882751,1470.906496998279
27592.0184589165,-1902.691472537033,7070.402713305321,-1869.690954624031,921.4843082493339
27592.01965740676,-2394.830250253384,7225.584637188167,-1391.381869275785,362.4222291325432
27592.0208548341,-2860.98673879005,7303.544457815157,-898.6435507062499,-200.0825949008063
27592.02205073944,-3296.019460417604,7303.462122390554,-396.9301931847596,-759.7959058897698
27592.02324468287,-3695.152109590444,7225.415586636466,108.208726979493,-1310.524003601101
27592.02443626012,-4054.034531265495,7070.375018899331,611.2020243862656,-1846.195210965428
27592.02562512191,-4368.795529737198,6840.179430404837,1106.531066231079,-2360.939224240307
27592.02681091178,-4636.06783847395,6537.519416656395,1588.76842378101,-2849.127740330665
27592.02799334006,-4853.043767846236,6165.885865768489,2052.671476218078,-3305.470789332672
27592.02917212499,-5017.489681673756,5729.536350828281,2493.218377581737,-3725.051665893064
27592.03034706389,-5127.777862796459,5233.414309475933,2905.691233185329,-4103.406739269467
27592.03151796175,-5182.887891820399,4683.109626559135,3285.70032148142,-4436.5462945426
27592.03268468257,-5182.417490287462,4084.767476579174,3629.248991902568,-4721.012203348166
27592.03384712161,-5126.577106886769,3445.023490663902,3932.764687850662,-4953.902116284295
27592.0350052133,-5016.180900949231,2770.919790449988,4193.136827133143,-5132.898120474943
27592.03615895274,-4852.626312834817,2069.807671588228,4407.749208618724,-5256.287045639039
27592.03730836012,-4637.873272382133,1349.282363943521,4574.4935628797,-5322.965002674056
27592.03845348398,-4374.417268675857,617.0961627220547,4691.788470473596,-5332.4443005966
27592.03959442769,-4065.249028745708,-118.9446271495087,4758.592155517807,-5284.850801765647
27592.04073132402,-3713.820103909853,-851.0483065318881,4774.402291150188,-5180.912449431275
27592.04186433732,-3324.000159295916,-1571.521449034964,4739.254899693286,-5021.944249156262
27592.04299367212,-2900.027534567022,-2272.853675018364,4653.716135481945,-4809.825075520113
27592.04411956507,-2446.462311624553,-2947.787749169087,4518.868521897604,-4546.970681088375
27592.04524228608,-1968.134638449698,-3589.390881295491,4336.292413424703,-4236.301130868788
27592.04636212134,-1470.099485460567,-4191.111272646896,4108.046392207346,-3881.209459575998
27592.04747938495,-957.5786441690677,-4746.846511066487,3836.639769742221,-3485.519498730883
27592.04859443512,-435.898713203509,-5251.005571909121,3524.996784281411,-3053.435448333773
27592.04970764702,89.55038286011879,-5698.542816835803,3176.428371390441,-2589.504532329699
27592.05081944067,613.3811782998341,-6085.010812943851,2794.586731149806,-2098.557268956441
27592.05193021456,1130.228978365166,-6406.572254758635,2383.448814221586,-1585.686827713345
27592.05304042546,1634.839529291859,-6660.057581309434,1947.248406286696,-1056.163324501368
27592.05415052599,2122.087985206462,-6842.967389388012,1490.455693406087,-515.4103318687071
27592.05526098749,2587.03572419788,-6953.497006015418,1017.725919076561,31.05684961559609
27592.05637226825,3024.9612681889,-6990.545410706743,533.8689057847487,577.6670209305094
27592.0574848539,3431.418850895738,-6953.725182481438,43.78727122418019,1118.864063706354
27592.05859922164,3802.262585716961,-6843.359761661162,-447.5529756410248,1649.13964225872
27592.05971581328,4133.676519349893,-6660.486562882609,-935.1552608187284,2163.070714124556
27592.06083506234,4422.220899382974,-6406.849755785507,-1414.049925254191,2655.382850005155
27592.06195738917,4664.862761062516,-6084.886238473718,-1879.337536476228,3120.996587238111
27592.06308316394,4858.999011830403,-5697.718994064818,-2326.219296445367,3555.060608534316
27592.06421271741,5002.490648984652,-5249.135743139773,-2750.048760303199,3953.006251134265
27592.06534635534,5093.690534791574,-4743.554909912822,-3146.383430752307,4310.59973366764
27592.0664843407,5131.462407788567,-4185.997287210535,-3511.022964618764,4623.980373437515
27592.0676268538,5115.201089869138,-3582.067989656669,-3840.04283735979,4889.695452903905
27592.06877405306,5044.850514720268,-2937.880904317637,-4129.858611441048,5104.759564155238
27592.06992602822,4920.913370296395,-2260.029113997973,-4377.254063105359,5266.681303084048
27592.07108280413,4744.459150341439,-1555.524998158709,-4579.424940765502,5373.502290346491
27592.07224437072,4517.119249607333,-831.7157669765954,-4734.021932706149,5423.831124665585
27592.0734106495,4241.084574758693,-96.23138836925932,-4839.177889628955,5416.86518305063
27592.07458149519,3919.094587194594,643.0936307562422,-4893.540228587151,5352.413758676713
27592.07575674467,3554.403433830351,1378.333852752654,-4896.297297693469,5230.908413653628
27592.07693612983,3150.778551439207,2101.504837970367,-4847.195168812146,5053.416428424368
27592.078119376,2712.437262142931,2804.714558121295,-4746.551724023933,4821.630940437784
27592.07930613527,2244.027651018641,3480.21377130181,-4595.263642599321,4537.870223735399
27592.08049604441,1750.56023944861,4120.522190568516,-4394.800289896173,4205.049431262468
27592.08168866826,1237.377488835566,4718.488020213279,-4147.202878581369,3826.669491628675
27592.08288357085,710.0658803697963,5267.414982864372,-3855.056267002783,3406.763914770338
27592.08408030286,174.3968440793447,5761.135798958194,-3521.463203104096,2949.857375799608
27592.08527835901,-363.7205609904184,6194.073510404226,-3150.025129923142,2460.933667698901
27592.08647725615,-898.343851738493,6561.344901016491,-2744.781617887249,1945.350201461764
27592.08767650239,-1423.553937377348,6858.807479324052,-2310.171961431145,1408.786845954356
27592.08887557533,-1933.516896911387,7083.110179962278,-1850.993196999911,857.1901085930235
27592.09007400715,-2422.590795176915,7231.753774434158,-1372.311748996768,296.6637862828575
27592.09127131629,-2885.363648748381,7303.105091067107,-879.4279015718166,-266.5734774281682
27592.09246705612,-3316.737831984594,7296.422797606267,-377.7933444778396,-826.2850862973764
27592.09366079915,-3711.98311856556,7211.860523244541,127.0481530264654,-1376.283677647005
27592.09485215007,-4066.795727922768,7050.46069717427,629.5323535486556,-1910.510468036357
27592.09604072162,-4377.340331503454,6814.141475766908,1124.130489113387,-2423.095900466848
27592.09722620352,-4640.310538807016,6505.655244188124,1605.442918122363,-2908.457605958407
27592.09840828407,-4852.942435179762,6128.563890152513,2068.228944672777,-3361.329853857889
27592.09958671211,-5013.056775371876,5687.175928892287,2507.491708079219,-3776.848041148758
27592.10076128022,-5119.07232580091,5186.490298107253,2918.525943714865,-4150.592794359909
27592.10193180697,-5170.015991407078,4632.139175053775,3296.962606298589,-4478.630382175543
27592.10309814557,-5165.529798123393,4030.314957276166,3638.819005350046,-4757.556559014697
27592.10426019343,-5105.868025280325,3387.688632026955,3940.542549636889,-4984.531759890688
27592.10541790362,-4991.884152886194,2711.320699706082,4199.047042188661,-5157.306655601548
27592.10657124675,-4825.016101121853,2008.598744963659,4411.731647115874,-5274.232881370538
27592.10772025077,-4607.258940566669,1287.12864499418,4576.512142530192,-5334.279499723202
27592.10886498923,-4341.134134334047,554.6541458286804,4691.831821322286,-5337.03153947499
27592.11000554722,-4029.66327037238,-181.0068391426773,4756.667936623271,-5282.686398915313
27592.11114207068,-3676.317412838326,-912.0780873202052,4770.540098234146,-5172.043399394489
27592.11227471337,-3284.988394390889,-1630.873324857214,4733.505008868035,-5006.489669309882
27592.11340369787,-2859.922604490776,-2329.914170714157,4646.1481162573,-4787.970507286246
27592.11452925105,-2405.693408023955,-3001.964132561054,4509.571433205333,-4518.969903064639
27592.11565164738,-1927.134505248714,-3640.126307906718,4325.373028954168,-4202.470692892378
27592.11677119606,-1429.291224206652,-4237.899609261049,4095.623296455759,-3841.918222655601
27592.11788820636,-917.3829623546891,-4789.220840492181,3822.845927691569,-3441.191688865962
27592.11900304595,-396.7234274140541,-5288.549472801626,3509.974817145241,-3004.541106908865
27592.12011610387,127.3165268242288,-5730.894143065449,3160.326508833517,-2536.551717575926
27592.12122777197,649.3522618961439,-6111.848560379369,2777.570918636362,-2042.104805356661
27592.12233847583,1164.05140223707,-6427.640086963254,2365.683184663204,-1526.315163568218
27592.12344866831,1666.180395584169,-6675.153362170844,1928.903610734094,-994.4819117732932
27592.12455879115,2150.635111969473,-6851.944828969441,1471.710783754105,-452.0556155940758
27592.12566931447,2612.504991272785,-6956.269996369958,998.7633145665133,95.43194279035833
27592.12678072187,3047.109286143182,-6987.088759984859,514.8611259240483,642.4123233209962
27592.12789347125,3450.023511892182,-6944.071442308106,24.91845942198808,1183.312004455278
27592.12900803157,3817.134221974417,-6827.603316635862,-466.0966917811692,1712.621283624737
27592.13012485241,4144.665140735652,-6638.781570014169,-953.1944517195392,2224.929746255847
27592.13124436867,4429.214747193317,-6379.408190832502,-1431.410503025801,2714.978456993369
27592.13236699432,4667.787409976972,-6051.977962697679,-1895.848910740188,3177.706128559757
27592.13349309868,4857.819878453039,-5659.66874451191,-2341.718267134784,3608.288210840846
27592.1346230274,4997.214968447936,-5206.313548824563,-2764.386652375747,4002.193859043595
27592.13575706481,5084.362410117142,-4696.386915504226,-3159.413524595202,4355.219565289222
27592.13689545722,5118.166305026471,-4134.96335064125,-3522.605371026947,4663.544496073852
27592.13803840376,5098.062734497375,-3527.680146253753,-3850.057464976756,4923.771023816218
27592.13918605513,5024.034226647051,-2880.690929827422,-4138.197353755918,5132.965554480512
27592.14033848805,4896.622499908839,-2200.627347674962,-4383.821665301063,5288.693280237697
27592.1414957372,4716.932210283478,-1494.52149341358,-4584.145203243103,5389.059783611936
27592.14265777823,4486.630877788988,-769.7487420409177,-4736.833855797744,5432.738063966965
27592.14382450904,4207.947435930457,-33.9673505081571,-4840.037789417298,5418.995288119056
27592.14499581188,3883.644519851979,704.998878261315,-4892.427216186555,5347.712380791195
27592.14617146646,3517.01958243128,1439.189164622455,-4893.210186518422,5219.399048304001
27592.14735124066,3111.853321995351,2160.649954168472,-4842.156347249238,5035.195111416221
27592.14853483169,2672.392118576666,2861.487981815213,-4739.607335889099,4796.872854737188
27592.14972190519,2203.294287408217,3533.985903705953,-4586.481550003688,4506.822023053613
27592.15091207218,1709.591064596698,4170.680631621683,-4384.274392783562,4168.036271671919
27592.15210491329,1196.623880368165,4764.468438787452,-4135.046616100828,3784.081522610639
27592.15330000105,669.9751501784569,5308.702271416432,-3841.400687583645,3359.052228512267
27592.15449686971,135.4179908526654,5797.259014138815,-3506.461658903896,2897.537938110605
27592.15569501446,-401.1495497688143,6224.62058665047,-3133.848151336266,2404.576313569841
27592.15689395414,-933.8020207584683,6585.968019726592,-2727.614179769261,1885.571140267479
27592.15809319715,-1456.641764628371,6877.226684941946,-2292.211636199778,1346.242072759996
27592.1592922418,-1963.869739691176,7095.120132792662,-1832.439707727134,792.5581945828048
27592.16049059057,-2449.861842058527,7237.216565921994,-1353.383690478019,230.6609699847559
27592.16168777075,-2909.244880148886,7301.960630451213,-860.3457203654953,-333.2192894442082
27592.1628833551,-3336.966692860897,7288.686922559151,-358.7716967878481,-892.8480064149719
27592.16407689865,-3728.3319851039,7197.624000884097,145.7876974341326,-1442.031048389608
27592.16526800226,-4079.080676367377,7029.890517917344,647.7696266077166,-1974.718163513744
27592.16645630087,-4385.430448311492,6787.474045084727,1141.660401990247,-2485.068250022644
27592.16764146331,-4644.117607249698,6473.200823488829,1622.060088432988,-2967.516720509695
27592.16882321362,-4852.434543690185,6090.688374829807,2083.753098196251,-3416.84652629051
27592.17000128347,-5008.246877307524,5644.310073202336,2521.748420579451,-3828.227277079232
27592.17117547031,-5110.022751144122,5139.118610404414,2931.357654739155,-4197.289400128295
27592.17234558549,-5156.836956715624,4580.799510274921,3308.226615986931,-4520.151605112724
27592.17351150217,-5148.378921922906,3975.578870238538,3648.397876363038,-4793.474846004629
27592.17467314164,-5084.944616277166,3330.149304729807,3948.344220696196,-5014.486903218261
27592.17583044539,-4967.426966009341,2651.604600770318,4204.995353352007,-5181.000932233068
27592.17698340231,-4797.297894482336,1947.34162668076,4415.773878065754,-5291.438533937561
27592.17813203426,-4576.585418264808,1224.98281221072,4578.613682623414,-5344.836740356962
27592.17927639752,-4307.844599762827,492.2892348521445,4691.976669265099,-5340.851433445058
27592.18041659928,-3994.118256553627,-242.935957759945,4754.863252819649,-5279.752007483917
27592.18155276786,-3638.904452689607,-972.9129755304416,4766.812684187197,-5162.410156334776
27592.18268507412,-3246.107864970112,-1689.981089732699,4727.902267185465,-4990.281959635392
27592.18381373108,-2819.991713097767,-2386.676943456016,4638.737173847718,-4765.38249287875
27592.18493896869,-2365.137758883222,-3055.793535609768,4500.438405379816,-4490.261778981578
27592.18606107068,-1886.380678963386,-3690.472610613404,4314.620482590298,-4167.96318649246
27592.18718033648,-1388.770342521349,-4284.246370907678,4083.372056108358,-3801.994144354743
27592.18829711246,-877.5051882435483,-4831.113742215661,3809.223126564082,-3396.275596837329
27592.18941174494,-357.8999442841031,-5325.569590349138,3495.124716307633,-2955.113827636443
27592.19052461814,164.6846137667162,-5762.672104699813,3144.406775673869,-2483.140978020338
27592.19163615023,684.8925572931884,-6138.079098087062,2760.740454882327,-1985.266003472923
27592.19274677241,1197.413842232044,-6448.073726889402,2348.105639983189,-1466.633405704084
27592.19385693139,1697.034859318849,-6689.594955551542,1910.75024595696,-932.5718371726789
27592.19496707385,2178.67938164506,-6860.258145501175,1453.154887342305,-388.5504880184717
27592.19607767936,2637.46874766049,-6958.37759237248,979.9764567099101,159.8885592352208
27592.19718921999,3068.747429229059,-6982.970042903944,496.0206796211004,707.1620632919746
27592.19830214465,3468.120220099611,-6933.765521389908,6.2054759559079,1247.688999006471
27592.19941692627,3831.509738235966,-6811.208745408272,-484.5045918855452,1775.964675619346
27592.20053401691,4155.176208909397,-6616.454458107834,-971.1238220467422,2286.58883918559
27592.20165383305,4435.750351266732,-6351.365508860992,-1448.684423009004,2774.309467521364
27592.20277679211,4670.276587466379,-6018.492704252781,-1912.298041618064,3234.088479769411
27592.20390326032,4856.230704949367,-5621.068978773272,-2357.179493152863,3661.12763183784
27592.20503357233,4991.554382610527,-5162.983322481241,-2778.701692184116,4050.925738086946
27592.20616801505,5074.678765743838,-4648.758369062581,-3172.435816842834,4399.319978666129
27592.20730684117,5104.548287657345,-4083.510063067061,-3534.202136359751,4702.535903024245
27592.2084502437,5080.637736472457,-3472.918602260125,-3860.10651192006,4957.223388125373
27592.20959834417,5002.970248255555,-2823.18995078976,-4146.583430591096,5160.498197226892
27592.21075124941,4872.123750572611,-2140.969934163778,-4390.453158644887,5309.990732554897
27592.21190896615,4689.241942618869,-1433.332232634838,-4588.941354217366,5403.866078308568
27592.21307146635,4456.02832585889,-707.6741018865159,-4739.732534331659,5440.865215935335
27592.21423865545,4174.742482885016,28.33817259645593,-4840.997350808167,5420.325864747441
27592.21541038886,3848.183296263834,766.8580668541915,-4891.424617806915,5342.20238342349
27592.21658646415,3479.669816684427,1499.937513837764,-4890.244787403166,5207.077875266348
27592.21776662497,3073.01295048001,2219.616830389036,-4837.24933358845,5016.169614784567
27592.21895057044,2632.47760912818,2918.020816008519,-4732.8027025012,4771.324961911641
27592.22013796705,2162.736064238769,3587.456848603134,-4577.845270201056,4475.006773209945
27592.22132840945,1668.83580300592,4220.484807014454,-4373.896745416037,4130.284421574643
27592.2225214944,1156.116205480213,4810.048707954095,-4123.036201257257,3740.78725509822
27592.22371676762,630.1707429715237,5349.534697910532,-3827.892051778627,3310.6826399849
27592.2249137596,96.76864562307404,5832.872875957877,-3491.610598494914,2844.62189010755
27592.22611200197,-438.2195641099782,6254.618372902919,-3117.817035195982,2347.681479676964
27592.2273109889,-968.8738964320128,6610.005999373579,-2710.587306517115,1825.321246344072
27592.22851021804,-1489.313679034515,6895.027691247113,-2274.390475032144,1283.305272115648
27592.22970920766,-1993.775212475883,7106.484399906543,-1814.029144983137,727.6252278342936
27592.23090747641,-2476.67166533585,7242.019196252993,-1334.589523173171,164.4379550564518
27592.23210452589,-2932.654199251321,7300.148401015438,-841.3889151419804,-399.9994929258964
27592.23329993529,-3356.712107188376,7280.28407978418,-339.8731360363209,-959.4494838768437
27592.23449325964,-3744.192369679277,7182.731490856071,164.4074850029085,-1507.720612066901
27592.23568412324,-4090.886421428841,7008.680698681703,665.9031489984069,-2038.784441569772
27592.23687214807,-4393.053672998576,6760.19161972747,1159.100363512473,-2546.813275734092
27592.23805701386,-4647.480328317235,6440.15624520304,1638.611739859051,-3026.274384009437
27592.23923842232,-4851.502858549238,6052.263582942186,2099.22338231119,-3471.977108382018
27592.24041613297,-5003.040869568659,5600.93873691827,2535.968132395196,-3879.144227485249
27592.24158993827,-5100.60943250165,5091.290217883113,2944.170320552157,-4243.45282910167
27592.24275966661,-5143.330956952011,4529.043923640624,3319.497726372128,-4561.080801945147
27592.24392519331,-5130.938592526561,3920.46544288772,3658.010528832905,-4828.74776840425
27592.24508641448,-5063.772189736516,3272.296115272394,3956.193693129051,-5043.739932817596
27592.24624330305,-4942.763981010912,2591.640633504967,4211.00558308352,-5203.944160701012
27592.24739586023,-4769.420073857766,1885.908074092669,4419.890767411738,-5307.851688569323
27592.24854408699,-4545.804759840867,1162.746457855982,4580.799838024516,-5354.568488325265
27592.2496880559,-4274.500051096118,429.9123644954784,4692.218268034347,-5343.82371301766
27592.25082788191,-3958.57184547537,-304.7978329483385,4753.167209754509,-5275.957990688331
27592.25196370001,-3601.536682711852,-1033.617253773044,4763.205282962825,-5151.912700032104
27592.25309566575,-3207.320872223716,-1748.890605007489,4722.428981661762,-4973.215278251379
27592.25422400289,-2780.196822652537,-2443.183042816349,4631.462262677132,-4741.947352032535
27592.25534894146,-2324.754488872143,-3109.315297277013,4491.443961624616,-4460.724079912825
27592.25647075431,-1845.837312417294,-3740.456528803717,4304.007659059114,-4132.65424360725
27592.25758975953,-1348.487056608767,-4330.188443802035,4071.255161768845,-3761.298457166127
27592.25870628396,-837.9064458558582,-4872.543792934651,3795.735704867653,-3350.63853401433
27592.25982069614,-319.3914524258584,-5362.076879500532,3480.408642431522,-2905.022300703072
27592.26093339539,201.7170439033257,-5793.902447129453,3128.610188803609,-2429.118808458625
27592.26204479075,720.0752315681416,-6163.727451203268,2744.023388441924,-1927.878467642029
27592.26315530586,1230.389425332423,-6467.889483017252,2330.639136259434,-1406.481851475094
27592.26426538989,1727.470538579566,-6703.388033873895,1892.71140964607,-870.2832959260263
27592.26537552958,2206.285950678169,-6867.904686012656,1434.709086241576,-324.7526998886196
27592.26648618709,2661.977046445742,-6959.807622414191,961.2983414342008,224.5453948469535
27592.26759782238,3089.914025836105,-6978.172480075636,477.2914479981143,772.0135582499622
27592.26871091281,3485.744751460668,-6922.78808173686,-12.40630834018208,1312.082537331522
27592.26982591115,3845.417926380502,-6794.156850411781,-502.8231278898392,1839.241455105452
27592.27094327428,4165.230570901373,-6593.490082970051,-988.9782689904846,2348.101980309078
27592.27206340798,4441.846924300778,-6322.708628285711,-1465.903453364574,2833.422860824931
27592.27318672765,4672.348806515832,-5984.418700493964,-1928.715071026992,3290.186897371955
27592.27431359427,4854.249673973307,-5581.907780100108,-2372.632760167624,3713.621399418574
27592.27544433039,4985.529135104272,-5119.120334002524,-2793.033353090575,4099.254602993014
27592.27657922628,5064.658895841319,-4600.625747828602,-3185.499439558846,4442.964560615957
27592.27771851301,5090.622610574765,-4031.594943842942,-3545.855846403876,4741.016063251573
27592.27886238652,5062.936178493013,-3417.748132182919,-3870.223393613407,4990.111536084411
27592.28001099207,4981.659974683277,-2765.313498377114,-4155.056983833207,5187.426352212407
27592.2811643775,4847.414435554216,-2081.00126841151,-4397.178645958999,5330.641350586959
27592.28232258391,4661.377203606289,-1371.890574900647,-4593.839894507781,5417.99185107191
27592.28348557232,4425.287212348861,-645.4039101387712,-4742.741268224836,5448.284995577508
27592.28465323912,4141.437893877863,90.77445130811657,-4842.071832655589,5420.928943925686
27592.2858254298,3812.660231414521,828.7863826609214,-4890.540642051363,5335.951786954656
27592.2870019338,3442.302382395244,1560.680817949728,-4887.400172432529,5194.012715155579
27592.28818250562,3034.19428157417,2278.514478709639,-4832.463906912606,4996.40282357492
27592.28936682826,2592.624566499216,2974.419620366186,-4726.11902496644,4745.046607322982
27592.29055456417,2122.281181093588,3640.726510633297,-4569.328895967057,4442.481592437684
27592.29174530938,1628.220270745197,4270.028575098868,-4363.634995227795,4091.848125013491
27592.29293864857,1115.790451952753,4855.303719065068,-4111.139864106231,3696.847157738909
27592.29413413398,590.5814323127045,5389.988579621851,-3814.490894270938,3261.707833892348
27592.29533129305,58.35740695899121,5868.065123031512,-3476.853689948906,2791.140969907722
27592.29652963658,-475.013428550268,6284.140736440435,-3101.877169027777,2290.284436885623
27592.29772868353,-1003.639049986648,6633.524280676169,-2693.645127116308,1764.63403839762
27592.29892794153,-1521.664881530545,6912.277327613214,-2256.635236328536,1219.987428214642
27592.30012689705,-2023.340115957391,7117.265392500135,-1795.672213173308,662.3814396686685
27592.30132506941,-2503.110147701862,7246.209236331579,-1315.850836103189,97.99544667078271
27592.30252198784,-2955.672843697224,7297.705035781859,-822.4826868786301,-466.9126933555885
27592.30371723047,-3376.055391223758,7271.239607667241,-321.0162231129793,-1026.09978103223
27592.30491035289,-3759.646538665042,7167.193178692395,182.9988113335305,-1573.378176950146
27592.30610096393,-4102.2776016662,6986.832323488405,684.0090813097797,-2102.724722321275
27592.30728872165,-4400.264460916243,6732.282918281552,1176.52187101162,-2608.348185097194
27592.30847328562,-4650.434975022539,6406.508285849993,1655.149419877966,-3084.735335164554
27592.30965436628,-4850.175852990889,6013.259604793754,2114.691888058333,-3526.735194410554
27592.3108317235,-4997.454967750289,5557.021187626699,2550.194916401016,-3929.613710605543
27592.31200514668,-5090.835304996495,5042.95724318538,2956.996660798674,-4289.096858114692
27592.31317448085,-5129.487302295001,4476.834232459752,3330.787162051247,-4601.422937255884
27592.31433959778,-5113.18853401142,3864.960296610475,3667.643169513736,-4863.370492579788
27592.3155004032,-5042.321164752423,3214.105813790822,3964.071363742115,-5072.29204852031
27592.31665688218,-4917.855305964604,2531.39486764429,4217.052199513651,-5226.142934888329
27592.31780901844,-4741.33540906445,1824.266490462732,4424.046705571972,-5323.481755335702
27592.31895683641,-4514.855378792042,1100.366725014546,4583.030468177049,-5363.488159511246
27592.32010040712,-4241.025918442665,367.4578509611795,4692.508662620796,-5345.962524973691
27592.32123983803,-3922.940103793501,-366.661148413807,4751.522509066172,-5271.318098080118
27592.3223752654,-3564.136036390277,-1094.233509195682,4759.652002815822,-5140.569014742126
27592.32350687022,-3168.548371865452,-1807.636373021299,4717.013207252044,-4955.309698640666
27592.32463486109,-2740.466506651187,-2499.447770581894,4624.248888699874,-4717.69146473939
27592.32575948304,-2284.482309767473,-3162.526130371763,4482.514348614932,-4430.391260993534
27592.32688101041,-1805.441423348282,-3790.07504807548,4293.45881601533,-4096.578201524327
27592.32799974422,-1308.392071465363,-4375.706154286745,4059.202855588996,-3719.875937625851
27592.32911602123,-798.5277013598489,-4913.502317128807,3782.308840433205,-3304.31711201332
27592.33023022698,-281.1271350240774,-5398.073600796179,3465.744334360307,-2854.291182876769
27592.33134274742,238.4757500653605,-5824.579998792435,3112.860302667834,-2374.515325031504
27592.33245399025,754.9533007995004,-6188.783466923939,2727.350557221289,-1869.978516551173
27592.33356439639,1263.040106397594,-6487.084269939522,2313.208163679951,-1345.885197890563
27592.3346744207,1757.572761658909,-6716.540483197829,1874.690850062785,-807.6122978653279
27592.33578453482,2233.537933566396,-6874.889929115661,1416.278226968244,-260.6565470759733
27592.3368952177,2686.112847386057,-6960.563615936477,942.6328313430242,289.412277977463
27592.33800693026,3110.698538972012,-6972.696494581091,458.5679764389068,836.9899409626787
27592.33912015087,3502.975510563381,-6911.136285092171,-31.01143663058122,1376.506427015396
27592.34023533134,3858.926086371126,-6776.443860384533,-521.1345023442515,1902.455149656626
27592.34135292502,4174.881653781506,-6569.88856648267,-1006.821627862106,2409.456927069603
27592.34247334966,4447.545984573708,-6293.444391692172,-1483.113688617397,2892.292408067787
27592.3435970115,4674.035156793042,-5949.772621133636,-1945.128253271324,3345.962368637218
27592.34472424861,4851.896937254308,-5542.220832640573,-2388.082540883448,3765.713708579443
27592.3458553914,4979.152150314622,-5074.781697376466,-2807.365207347509,4147.112639227189
27592.34699072752,5054.311475990287,-4552.07244058173,-3198.567688763836,4486.076316478408
27592.34813048937,5076.397322486178,-3979.306117248419,-3557.52618148016,4778.914854710403
27592.34927485276,5044.964029150555,-3362.252327135007,-3880.367841884605,5022.376024535393
27592.35042394486,4960.11249268035,-2707.185075547997,-4163.558022987625,5213.688593534094
27592.35157784095,4822.498743125228,-2020.82892257395,-4403.941514860472,5350.598551290503
27592.35273654807,4633.340120607237,-1310.307286059341,-4598.779762130787,5431.401195219699
27592.35390002073,4394.41230368015,-583.0653146293068,-4745.792310728367,5454.972987293461
27592.35506815827,4108.040854178594,153.2029620292967,-4843.189430213003,5420.794263416512
27592.35624080251,3777.086871851116,890.6327556259321,-4889.701001165273,5328.966665351959
27592.3574177391,3404.925334971901,1621.273623680074,-4884.601016495506,5180.224223727447
27592.35859871782,2995.409642456321,2337.189821055352,-4827.725008738978,4975.933439464412
27592.35978342065,2552.846546587309,3030.531025525636,-4719.482257739691,4718.093236785456
27592.36097149118,2081.944743325898,3693.642522377823,-4560.86051107823,4409.318708204075
27592.36216253914,1587.763784297121,4319.158998080196,-4353.421543426527,4052.81769264131
27592.36335613777,1075.660589945181,4900.092769372856,-4099.290710253308,3652.361629806941
27592.36455184104,551.2226320940256,5429.928849844669,-3801.135070731524,3212.24214344872
27592.36574917639,20.2073286235144,5902.702679772608,-3462.138609355701,2737.227711789352
27592.36694764054,-511.5228357252522,6313.076126151185,-3085.971512661753,2232.513937887623
27592.36814675906,-1038.095933165271,6656.425799264624,-2676.731055691503,1703.639352416479
27592.36934603359,-1553.677049505256,6928.881279353542,-2238.910201895278,1156.44226518437
27592.37054495977,-2052.546432800441,7127.383140246992,-1777.341069835919,596.9853648023104
27592.37174307315,-2529.187115315082,7249.727823761527,-1297.119780265565,31.46187863069144
27592.37293987815,-2978.322203002197,7294.584429536476,-803.5731779746229,-533.8455526202758
27592.37413495021,-3395.017561641059,7261.518398358344,-302.15389968765,-1092.688164299834
27592.37532786724,-3774.712135028191,7150.986253955487,201.5976901243673,-1638.893281752436
27592.37651824056,-4113.281961866287,6964.327615938485,702.1321507470878,-2166.451767213378
27592.37770571719,-4407.086238018939,6703.742113570476,1193.957646867188,-2669.589001245121
27592.37888997267,-4653.004676087816,6372.258447005153,1671.70114394816,-3142.828131244847
27592.380070722,-4848.472595016999,5973.68979539742,2130.174942168046,-3581.056642893894
27592.38124773357,-4991.506439173063,5512.575394798443,2564.440206210769,-3979.58680444606
27592.38242079265,-5080.715405728247,4994.133618474791,2969.847726279485,-4334.192698892171
27592.3835897479,-5115.316175606958,4424.176313337085,3342.104861896566,-4641.169104993368
27592.38475448238,-5095.130390418087,3809.046118683936,3677.309135972005,-4897.357292960719
27592.38591490092,-5020.581517344785,3155.546956669225,3971.985109592515,-5100.173148153107
27592.38707096408,-4892.681990914715,2470.844100783015,4223.127749121411,-5247.636559289927
27592.38822269091,-4713.009842172696,1762.375486487641,4428.227086178375,-5338.381894243388
27592.3893700921,-4483.694077338251,1037.807273578367,4585.277213412393,-5371.659554193415
27592.39051325351,-4207.371951724434,304.8967884577037,4692.806760599943,-5347.343334691802
27592.39165228328,-3887.161305454473,-428.5604018629008,4749.877762227725,-5265.918781699785
27592.39278732951,-3526.617310533954,-1154.825134635381,4756.090813891893,-5128.470312181341
27592.39391856289,-3129.694222689814,-1866.284658348873,4711.581662517431,-4936.663517024991
27592.39504618901,-2700.695277309154,-2555.538748575593,4617.013474287324,-4692.719333719936
27592.39617048186,-2244.208695709964,-3215.492786857681,4473.557094548136,-4399.37322506383
27592.39729170832,-1765.085510629041,-3839.380214573031,4282.878526317832,-4059.856520252872
27592.39841018704,-1268.364520275742,-4420.861234928433,4047.109685330901,-3677.843656344901
27592.39952625376,-759.233518022417,-4954.060502829886,3768.825562037174,-3257.418758313061
27592.4006402653,-242.9750331465049,-5433.622648968016,3451.013859476334,-2803.03013870749
27592.40175261365,275.0930223296549,-5854.764223538173,3097.036649307217,-2319.436465303675
27592.40286373955,789.6754983578987,-6213.313980872517,2710.586627239305,-1811.649126979272
27592.40397406497,1295.518572874312,-6505.7216616034,2295.670802546604,-1284.911832648134
27592.4050840597,1787.488965633354,-6729.107109347956,1856.547518925413,-744.6194626693896
27592.40619418212,2260.593529679311,-6881.2645549238,1397.706332729775,-196.2942304777471
27592.4073049091,2710.037647880765,-6960.686180976921,923.8142223411671,354.4800214396487
27592.4084167056,3131.255415741675,-6966.568991390228,439.6847137508166,902.0943333888588
27592.40953005653,3519.962816627151,-6898.821174032374,-49.77990427978816,1440.981419743075
27592.41064542062,3872.178673782239,-6758.061699418579,-539.6130143778981,1965.643469078374
27592.41176322315,4184.261982189394,-6545.62275181113,-1024.825412559384,2470.700052557263
27592.4128839007,4452.959937147374,-6263.533249124373,-1500.470468814199,2950.958677261239
27592.41400784719,4675.424230635759,-5914.513089326483,-1961.66629956171,3401.438969506817
27592.41513542392,4849.245627478334,-5501.954642787548,-2403.64654376496,3817.426585432509
27592.41626695182,4972.480865530523,-5029.901676457544,-2821.80375517445,4194.518268526604
27592.4174027029,5043.677634137572,-4503.023994114788,-3211.733072974033,4528.666356155419
27592.41854290042,5061.897556524298,-3926.582470617714,-3569.279191737103,4816.225070727995
27592.41968771834,5026.734452599785,-3306.387040732567,-3890.581984783119,5053.993859922041
27592.42083728943,4938.326793804375,-2648.742601171756,-4172.122464778568,5239.258664793668
27592.42199166281,4797.36987637417,-1960.417810411715,-4410.755058279705,5369.822333150494
27592.42315084234,4605.118337612097,-1248.561875309921,-4603.759068992284,5444.046187197188
27592.42431479656,4363.378948166848,-520.6283398659225,-4748.87480689035,5460.87565048264
27592.42548340336,4074.512470835351,215.6649960719933,-4844.329128915812,5419.861183740458
27592.426656503,3741.40903638082,952.4487552189826,-4888.872712384407,5321.177770987194
27592.42783387033,3367.472112290352,1681.769455754348,-4881.800895891826,5165.634936523769
27592.42901524141,2956.581790298979,2395.694418324758,-4822.972444084409,4954.67680504182
27592.43020030509,2513.060475336218,3086.396799757686,-4712.819500807005,4690.376180038139
27592.43138869502,2041.633825792665,3746.243035931574,-4552.35346175223,4375.423481885694
27592.43258001936,1547.370582465907,4367.901590128788,-4343.158858306098,4013.097779430245
27592.43377385605,1035.628975537455,4944.428708901962,-4087.381441610795,3607.235876821105
27592.43496974307,512.0015224243507,5469.350363609527,-3787.712185348202,3162.197520278231
27592.43616720721,-17.76108402499566,5936.757700237323,-3447.354978117987,2682.809394506251
27592.43736576374,-547.8170655925604,6341.380158229338,-3069.99172698989,2174.310679353571
27592.43856491591,-1072.302260222221,6678.65211578362,-2659.741820283419,1642.293510597512
27592.43976417278,-1585.407787437951,6944.776017908825,-2221.109162220243,1092.630078258569
27592.44096303733,-2081.444481388386,7136.766940009889,-1758.93368736611,531.4085259374892
27592.44216103799,-2554.924238987036,7252.495305454485,-1278.322213079376,-35.1541460554854
27592.44335769616,-3000.612524108619,7290.707807927598,-784.5999560252053,-600.7714221804174
27592.44455258144,-3413.611695600951,7251.044909068904,-283.2243560799765,-1159.188521318178
27592.445745267,-3789.401295884924,7134.039368706371,220.2623512379218,-1704.236020263515
27592.44693537183,-4123.904546025734,6941.104633461396,720.3168368747475,-2229.922405893192
27592.44812254157,-4413.526844009811,6674.512425490832,1211.45228049425,-2730.494942188493
27592.44930646618,-4655.198859910965,6337.355966243274,1688.309696940032,-3200.513115713781
27592.45048686286,-4846.40373328893,5933.510395132107,2145.712502492981,-3634.902567411058
27592.45166349696,-4985.205166567562,5467.574174846224,2578.733238701484,-4029.018873539497
27592.45283616218,-5070.260640004569,4944.815148002314,2982.740360036694,-4378.689736642609
27592.4540047038,-5100.83274523484,4371.093264557234,3353.456487001429,-4680.265349361288
27592.45516901794,-5076.787705621664,3752.784548287129,3687.001109381435,-4930.651414833539
27592.45632902229,-4998.589428757238,3096.71791510594,3979.920614101493,-5127.33044910123
27592.45748467054,-4867.288819989522,2410.087372508802,4229.227223976631,-5268.388088823207
27592.45863596091,-4684.503469761487,1700.362076314393,4432.428052527435,-5352.527752179349
27592.45978295569,-4452.386396485796,975.1870942637486,4587.546927508687,-5379.075177882491
27592.46092570436,-4173.609947069589,242.3458332897885,4693.127729073798,-5347.974680154607
27592.4620643387,-3851.311181040951,-490.3849599049665,4748.255931235953,-5259.783894144605
27592.4631989953,-3489.068890603628,-1215.269536862623,4752.552096043104,-5115.659477279035
27592.46432986178,-3090.848017153401,-1924.723480362914,4706.172043934594,-4917.334706947875
27592.46545715152,-2660.959879681559,-2611.374883260432,4609.796604805775,-4667.0953428831
27592.46658111747,-2204.007968622181,-3268.146087399006,4464.616677851474,-4367.745909693981
27592.46770203831,-1724.84189806921,-3888.313476185728,4272.314912246802,-4022.576622395407
27592.46882024157,-1228.495052063224,-4465.582743816047,4035.037556491549,-3635.315960817609
27592.46993606252,-720.1495007578641,-4994.123287407074,3755.373990013059,-3210.100305412177
27592.47104987723,-205.0688160426286,-5468.636899090113,3436.319136516939,-2751.417110498817
27592.47216208843,311.4480469711056,-5884.393989478413,3081.241289600167,-2264.060849271515
27592.47327311713,824.1139265033513,-6237.268625820307,2693.848020105395,-1753.087005747399
27592.47438339307,1327.699040186527,-6523.769339611323,2278.151451627793,-1223.766199428023
27592.47549337282,1817.087707656447,-6741.071196558975,1838.421375803264,-681.5242724753875
27592.47660352518,2287.318002809574,-6887.03090564393,1379.148218100253,-131.8970011100673
27592.47771434217,2733.630134746349,-6960.201323093479,904.9955385304893,419.5269165811239
27592.47882627026,3151.481460515854,-6959.837528129462,420.7862509954339,967.1230025397724
27592.47993980103,3536.623335339958,-6885.907723676297,-68.57996135226566,1505.326967428796
27592.48105536773,3885.101255907334,-6739.093703138805,-558.1264866007266,2028.634939125238
27592.48217342445,4193.319950663403,-6520.783399982733,-1042.879486281638,2531.692383049888
27592.48329439629,4458.060107551013,-6233.063852129681,-1517.891338129323,3009.319474750943
27592.48441866777,4676.509774146644,-5878.712967117355,-1978.281776868829,3456.556241835715
27592.48554659572,4846.298672071401,-5461.178473261024,-2419.289910707774,3868.717347944125
27592.48667849632,4965.523333828171,-4984.557167177971,-2836.315436483974,4241.43471429724
27592.48781463904,5032.771910055248,-4453.567754093594,-3224.963225226359,4570.702616165728
27592.48895525227,5047.146174816164,-3873.511909347983,-3581.091558929333,4852.924450681293
27592.49010051783,5008.277873968651,-3250.233237977231,-3900.855049430695,5084.953035776359
27592.49125053734,4916.344446800708,-2590.087230152416,-4180.740400220589,5264.125086103341
27592.49240538512,4772.075696313216,-1899.856466284514,-4417.623733614115,5388.308667704223
27592.49356503029,4576.765403754357,-1186.733444324089,-4608.794073364729,5455.926420132711
27592.49472944481,4332.25380541642,-458.1863440489085,-4752.011601194974,5465.993697974395
27592.49589850037,4040.934055280031,278.0533884237032,-4845.522402786832,5418.1328399525
27592.49707203671,3705.724291987872,1014.113406528198,-4888.097737230089,5312.592223941645
27592.49824981553,3330.056451068308,1742.036726447588,-4879.054020785605,5150.257249215108
27592.49943157171,2917.832140875478,2453.902279601123,-4818.272301568083,4932.647276115759
27592.5006169733,2473.398489109773,3141.891116096328,-4706.209063269765,4661.914060054743
27592.50180567668,2001.485187935183,3798.410612741081,-4543.896048518489,4340.815587413194
27592.50299726645,1507.177858330663,4416.151141024558,-4332.942624998187,3972.706867757305
27592.50419131877,995.8385255367928,4988.211039446726,-4075.516882212543,3561.492316849598
27592.50538736705,473.0594586909893,5508.164147903735,-3774.33175984816,3111.595806964378
27592.50658495221,-55.42247375573366,5970.163176514249,-3432.60642388427,2627.895150219669
27592.50778357086,-583.7701060524366,6368.991524512362,-3054.045360437442,2115.68739667034
27592.50898274969,-1106.147482228489,6700.156864343608,-2642.775657858716,1580.598005960684
27592.51018196503,-1616.754378821695,6959.922921211672,-2203.325704740492,1028.549828003509
27592.51138073588,-2109.936441719546,7145.383418685854,-1740.54097964091,465.651986732862
27592.51257857748,-2580.232754315408,7254.484109095019,-1259.541927917587,-101.8527263032092
27592.513775041,-3022.456827056409,7286.051835228756,-765.6472327104464,-667.6811355439072
27592.51496969281,-3431.748815451326,7239.802247901002,-264.3179164945473,-1225.574918139534
27592.51616210947,-3803.631443019211,7116.342983690878,238.9055133713652,-1769.372776477639
27592.5173519058,-4134.071216856518,6917.161640072478,738.480963110003,-2293.096459481865
27592.51853873183,-4419.521405320646,6644.600767688618,1228.929132448127,-2791.018752327835
27592.51972228213,-4656.961440123309,6301.820155562029,1704.901204633197,-3257.732538841887
27592.52090228116,-4843.923799528813,5892.75563232735,2161.234080952993,-3688.205022408105
27592.52207849751,-4978.520195149245,5422.061869132805,2593.014191738111,-4077.838277728057
27592.52325074812,-5059.456247123491,4895.047637275636,2995.63240042629,-4422.518110010224
27592.52441885771,-5086.037542245527,4317.626578605132,3364.819841902528,-4718.644581684879
27592.52558273056,-5058.174403339947,3696.209880193813,3696.716322822955,-4963.187123812125
27592.52674227019,-4976.373675619388,3037.666826745384,3987.883910266995,-5153.691882908965
27592.52789746315,-4841.722962632136,2349.197582788274,4235.36321864036,-5288.318843358052
27592.5290483195,-4655.87172193533,1638.280247305076,4436.682539849623,-5365.84120375751
27592.53019486869,-4421.009850564637,912.5898491635869,4589.880516787804,-5385.654127136901
27592.53133720381,-4139.828461483559,179.8847043467226,4693.527319482702,-5347.774837126578
27592.53247543577,-3815.492333263219,-552.0498897873422,4746.725749100025,-5252.83207486579
27592.53360971246,-3451.596546310537,-1275.496861452302,4749.116825503182,-5102.052349927788
27592.53474020863,-3052.125712553512,-1982.881789104984,4700.87620500901,-4897.240159396343
27592.53586715236,-2621.397292383256,-2666.866620239759,4602.703474095804,-4640.745991670889
27592.53699080252,-2164.018808263704,-3320.407402430495,4455.806455438705,-4335.436268045602
27592.53811143906,-1684.841320836096,-3936.816629570105,4261.883891462536,-3984.660426314159
27592.53922938303,-1188.899049911702,-4509.837111307981,4023.098830568716,-3592.204975657394
27592.54034498382,-681.3616780146863,-5033.690486272697,3742.051847725172,-3162.252709470321
27592.54145860386,-167.4889147085885,-5503.121294321422,3421.754282708321,-2699.342848329936
27592.54257065891,347.4401639683414,-5913.458333240134,3065.582380151475,-2208.305823907882
27592.54368156743,858.1548109161427,-6260.63001871718,2677.254253927575,-1694.233686741489
27592.54479177808,1359.454751292044,-6541.207213054964,2260.783034446688,-1162.41764854344
27592.54590174289,1846.245837694115,-6752.420765444955,1820.445885829522,-618.3089701794429
27592.54701193879,2313.595796576998,-6892.186762055998,1360.734257651824,-67.45691754473501
27592.54812283338,2756.76351156634,-6959.115063508776,886.3250060003209,484.5260852464885
27592.5492349064,3171.250541394256,-6952.522432476661,402.0284344534622,1032.026454898599
27592.55034862298,3552.830800220827,-6872.435617664023,-87.24424573964393,1569.46730763063
27592.55146443365,3897.590113711323,-6719.593869133288,-576.5252369442157,2091.359558316354
27592.55258277731,4201.963915995137,-6495.444096105512,-1060.8366391036,2592.35390512549
27592.55370408253,4462.770744063307,-6202.128805675722,-1535.236299569634,3067.290553087924
27592.55482872552,4677.234489046728,-5842.482343983012,-1994.84576128196,3511.230422513436
27592.5559570582,4843.022729657718,-5420.006499327385,-2434.908962508779,3919.516792785161
27592.55708938227,4958.26985676106,-4938.854073812834,-2850.828634968213,4287.813365267012
27592.55822597599,5021.604847895971,-4403.787068837337,-3238.222990725024,4612.15987057429
27592.55936705146,5032.168181148351,-3820.15785116059,-3592.956339295979,4889.00303542201
27592.56051277715,4989.631947236152,-3193.856580196702,-3911.193213794753,5115.246943417544
27592.56166325543,4894.213378474845,-2531.273069076543,-4189.436401734775,5288.288223892946
27592.56281856346,4746.679507897436,-1839.216659720783,-4424.579340241662,5406.058476759005
27592.56397868133,4548.357014696106,-1124.895050542405,-4613.929932368279,5467.046939095013
27592.56514355023,4301.124071153949,-395.8110738909445,-4755.261661177634,5470.336429067136
27592.56631304279,4007.405084189926,340.2951907947888,-4846.841461509926,5415.622648928327
27592.56748700346,3670.14446539183,1075.552523859556,-4887.461593009992,5303.227605209995
27592.56866519541,3292.797058150912,1802.010188133566,-4876.458852629465,5134.110368586789
27592.56984734068,2879.288316277408,2511.751865131458,-4813.735308622397,4909.866094441337
27592.57103311003,2433.980246313809,3196.980330599864,-4699.768552051426,4632.719415742911
27592.57222212145,1961.629315093092,3850.109385068682,-4535.616903315808,4305.510509245337
27592.57341399105,1467.316162704861,4463.882924335405,-4322.907877699143,3931.656267051585
27592.57460827473,956.4132373948053,5031.431332534523,-4063.833826897107,3515.133096679529
27592.57580451359,434.5066604805384,5546.381683436441,-3761.126118860751,3060.423718228104
27592.57700222343,-92.66367153130901,6002.932500902239,-3418.029661253336,2572.471962137854
27592.5782009115,-619.2784754551185,6395.93452538757,-3038.264158870649,2056.621180891668
27592.57940008396,-1139.511357844714,6720.957536168466,-2625.979637666103,1518.549132238116
27592.58059924964,-1647.599859483718,6974.346194035632,-2185.70695361145,964.1995132121692
27592.58179790631,-2137.908871006762,7153.263873506475,-1722.310095677081,399.718097999325
27592.58299559982,-2605.022330159731,7255.736478010434,-1240.905689345849,-168.6483615858438
27592.58419186639,-3043.783631666781,7280.664923852788,-746.8235617112191,-734.5998897617656
27592.58538627725,-3449.374230498341,7227.841813006274,-245.5254811377944,-1291.879417805493
27592.5865784133,-3817.360588534978,7097.950222539625,257.4499070772659,-1834.335336114612
27592.58776788543,-4143.752804485267,6892.552396557223,756.5616281264744,-2356.003971613116
27592.58895437223,-4425.057480230633,6614.055624555232,1246.347651816692,-2851.19475051377
27592.59013755156,-4658.296270790468,6265.689134507338,1721.459914417793,-3314.525277194052
27592.5913171497,-4841.04994550408,5851.451291487334,2176.746373878685,-3741.003321492426
27592.59249295278,-4971.479914315108,5376.047434428438,2607.312447050239,-4126.083363587474
27592.59366475728,-5048.336414452153,4844.846321794223,3008.556055368975,-4465.697227576088
27592.5948324235,-5070.972483118646,4263.790430565396,3376.236503508823,-4756.313040682428
27592.59599583878,-5039.340439600609,3639.336670644115,3706.505216763449,-4994.957507678071
27592.59715493443,-4953.986214018499,2978.369850285769,3995.950002615699,-5179.247566584509
27592.59830968291,-4816.034928551996,2288.12112421073,4241.626251706535,-5307.408272096377
27592.59946009111,-4627.171490149539,1576.087309369838,4441.081853785418,-5378.283697928913
27592.60060620879,-4389.613420541149,849.9400252793346,4592.379101202923,-5391.342157354487
27592.6017481084,-4106.083678090901,117.4525674081747,4694.10616966713,-5346.673424104165
27592.60288591395,-3779.768213923137,-613.6034381452482,4745.388664893537,-5244.979378869246
27592.60401979639,-3414.27399240952,-1335.53809460391,4745.888030121492,-5087.554779336814
27592.60514992944,-3013.599460737994,-2040.794929229742,4695.797722997727,-4876.27166407687
27592.60627653609,-2582.073762957625,-2722.057480896181,4595.83541775492,-4613.547187760079
27592.60739987679,-2124.309827051325,-3372.313499610325,4447.226385489162,-4302.310667747774
27592.60852022801,-1645.162048133712,-3984.909988657039,4251.686824651689,-3945.972542679086
27592.6096379201,-1149.658295504163,-4553.636221336128,4011.393863484858,-3548.372024802393
27592.61075330681,-642.9596170562443,-5072.761290390617,3728.960956837348,-3113.740803405638
27592.61186675216,-130.3144169368016,-5537.079360297089,3407.411403010401,-2646.662895236414
27592.61297866566,383.0095434177301,-5941.969225458266,3050.134553673836,-2152.011665673499
27592.61408946896,891.760712558102,-6283.416379341575,2660.857595733308,-1634.912729008121
27592.6151996216,1390.764725196256,-6558.052126346511,2243.597884875081,-1100.680994021474
27592.61630957642,1874.951557876362,-6763.16544343704,1802.638480544191,-554.7900192615139
27592.6174198036,2339.412514570566,-6896.730849529587,1342.478496117571,-2.809227451588413
27592.61853078199,2779.440098880957,-6957.419661298372,867.7935271072735,549.6438047646852
27592.61964298743,3190.565126278461,-6944.607970494892,383.397351391386,1096.948907451068
27592.62075688019,3568.592792001862,-6858.38273275981,-105.7962708446565,1633.528363425548
27592.62187293703,3909.651434462474,-6699.538391489682,-594.8320912348876,2153.912928657572
27592.62299157598,4210.20455628274,-6469.580149338653,-1078.725340687767,2652.75648493289
27592.62411321847,4467.105518099766,-6170.708035703727,-1552.534491099015,3124.91550784284
27592.62523825336,4677.618132267554,-5805.806274237034,-2011.391348653729,3565.481242323511
27592.6263670012,4839.442474898005,-5378.438610951244,-2450.533694266476,3969.816086260594
27592.62749979135,4950.755328489825,-4892.796068284625,-2865.382886310231,4333.63052298715
27592.62863687479,5010.220753357314,-4353.696955194846,-3251.556074361456,4652.997317122464
27592.62977844756,5017.018268058691,-3766.544379327632,-3604.923844163515,4924.407906733459
27592.63092468898,4970.85894729135,-3137.261222734734,-3921.667114028241,5144.822929620163
27592.632075704,4871.996286729515,-2472.268193864435,-4198.30262045526,5311.696579016872
27592.63323153324,4721.237036172951,-1778.423715842492,-4431.730827927058,5423.017958208383
27592.63439216257,4519.943448416851,-1062.954759675196,-4619.279217505681,5477.345143524089
27592.63555752362,4270.029011545801,-333.3859301866478,-4758.739053104306,5473.831412331799
27592.63672748791,3973.949489541706,402.5330949882189,-4848.397683455278,5412.245996211816
27592.63790188956,3634.680029484225,1136.923042769996,-4887.068177907424,5292.986674942007
27592.63908048881,3255.701205375653,1861.837525528301,-4874.109919252555,5117.089383945093
27592.64026301262,2840.957340010036,2569.377078919272,-4809.447392925913,4886.224274297454
27592.64144912241,2394.829793245487,3251.760416854348,-4693.581168102321,4602.69236492543
27592.6426384498,1922.081066204104,3901.437945150133,-4527.589907978036,4269.402558355153
27592.64383058726,1427.807730029175,4511.176847116421,-4313.125894996625,3889.847562759181
27592.6450250928,917.383305516376,5074.152872410052,-4052.402853909174,3468.069526251469
27592.64622151475,396.3873270932709,5584.046683055612,-3748.170439705544,3008.609453593765
27592.64741935108,-129.4411451915044,6035.106029900879,-3403.696980351426,2516.473578490812
27592.64861813264,-654.3069177325377,6422.252148868709,-3022.712244029152,1997.0443996762
27592.64981733076,-1172.387150646724,6741.110662176374,-2609.39266448642,1456.056772644598
27592.6510164783,-1677.953467838427,6988.10442926498,-2168.274427006783,899.4781492010584
27592.65221507798,-2165.400682866114,7160.47015139429,-1704.230004569941,333.477920616459
27592.65341264373,-2629.332332283371,7256.305908384575,-1222.397000394117,-235.664380055418
27592.65460873093,-3064.636280206482,7274.59359473331,-728.10372742205,-801.649007030966
27592.65580291183,-3466.534304377742,7215.203629747764,-226.8145330443244,-1358.219541661358
27592.65699477263,-3830.637473531133,7078.895529546555,275.9340369055401,-1899.235932727354
27592.65818393887,-4153.004719514744,6867.303153097064,774.6098135199197,-2418.7586000778
27592.65937008538,-4430.187200502881,6582.904188062578,1263.754384660833,-2911.120833798479
27592.66055290434,-4659.256285487068,6228.990265550231,1738.033108275461,-3370.979315654637
27592.66173212132,-4837.838856282833,5809.620655151512,2192.303296822785,-3793.381614279488
27592.66290752138,-4964.142628402466,5329.557261659102,2621.681846143423,-4173.828843411849
27592.66407890781,-5036.964420933506,4794.216682927421,3021.5830387797,-4508.308220988348
27592.66524614811,-5055.701662498474,4209.581812487733,3387.783946173978,-4793.347906403489
27592.66640913337,-5020.348573645386,3582.144575052575,3716.453718990289,-5026.037741522538
27592.66756778812,-4931.491476404547,2918.823885498124,4004.196471638612,-5204.059857329468
27592.66872209121,-4790.292912645715,2226.870724208642,4248.088783188726,-5325.710225712276
27592.66987205458,-4598.471609346507,1513.794715877521,4445.699718584901,-5389.905131975394
27592.67101773227,-4358.27511331717,787.2730852113866,4595.112736685694,-5396.185790043549
27592.67215920814,-4072.450438482088,55.07272758756858,4694.93757233303,-5344.714466464071
27592.67329660475,-3744.206146314836,-675.0400863000059,4744.319472348943,-5236.264767258641
27592.67443009048,-3377.168635970761,-1395.386955827111,4742.939922640217,-5072.20288635778
27592.67555985956,-2975.343604653481,-2098.444065213059,4691.011281496415,-4854.466507919446
27592.67668612173,-2543.074417234701,-2776.912492283941,4589.269949147498,-4585.541193899888
27592.67780914787,-2084.975539461581,-3423.818096829744,4438.958039035414,-4268.416966098788
27592.67892922374,-1605.898379003831,-4032.549789849317,4241.806342956362,-3906.560225262979
27592.68004668432,-1110.865292128211,-4596.940060628092,4000.00526327248,-3503.862398021162
27592.68116187272,-605.0348625205512,-5111.298030583352,3716.184055911044,-3064.608724472239
27592.68227516358,-93.63975708787576,-5570.47214514943,3393.375720647125,-2593.423981790491
27592.68338696579,418.0665035150151,-5969.892845220359,3034.980436689167,-2095.221039192442
27592.68449771641,924.857226247096,-6305.604615192391,2644.729174605299,-1575.151984870922
27592.68560784389,1421.564722227614,-6574.286250212404,2226.658357306069,-1038.574466108226
27592.68671781651,1903.149943562397,-6773.290641238162,1785.052551717592,-490.9772064131621
27592.68782811511,2364.735049996108,-6900.653134092918,1324.411654800852,62.05951278551493
27592.68893920409,2801.635201895729,-6955.103307440209,849.4209926910391,614.9008449096407
27592.69005156129,3209.413212498283,-6936.078669856529,364.8960187496761,1161.923725787645
27592.69116565776,3583.91084579515,-6843.725742205674,-124.2533219706941,1697.557994155614
27592.69228195733,3921.286262518882,-6678.898957921171,-613.0666525457639,2216.336609461765
27592.69340088851,4218.041771504755,-6443.159949929034,-1096.565744480585,2712.932900028183
27592.69452287161,4471.066366821047,-6138.763999054083,-1569.811833949511,3182.223043006533
27592.69564829169,4677.659733042638,-5768.649447739857,-2027.93968089601,3619.322750394357
27592.69677746891,4835.559151093336,-5336.430855098281,-2466.192789039818,4019.626125447566
27592.69791071708,4942.977210649238,-4846.353476539404,-2879.99398691588,4378.875946480744
27592.69904828164,4998.616455857952,-4303.283903474678,-3264.967906982399,4693.187430462684
27592.70019038014,5001.69446245031,-3712.655331410321,-3617.002342604364,4959.105888712089
27592.70133716,4951.958525433747,-3080.443195951243,-3932.279634738908,5173.637176586016
27592.70248870425,4849.701496097202,-2413.113700827027,-4207.325390157655,5334.291667627229
27592.7036450669,4695.765835134147,-1717.545129348608,-4439.059587021203,5439.124699890446
27592.70480621976,4491.550099481538,-1000.994056522394,-4624.824020127491,5486.76031598646
27592.70597209156,4239.000951741747,-271.0017458128148,-4762.428242259174,5476.422359825312
27592.7071425459,3940.605987643718,464.6691393917858,-4850.178577257067,5407.953193079387
27592.70831740004,3599.372552268204,1198.127929854592,-4886.908643250982,5281.827206655492
27592.70949642398,3218.802734474784,1921.441130427516,-4872.000603146884,5099.155609879968
27592.71067931929,2802.86978101573,2626.708488349059,-4805.402696000118,4861.689032001438
27592.71186577187,2355.962639259632,3306.185811267614,-4687.637372122384,4571.798667319512
27592.71305538306,1882.866729772174,3952.336451680036,-4519.809396637307,4232.473686086039
27592.71424776474,1388.67771845232,4557.976238817268,-4303.591338373517,3847.271422483342
27592.71544247681,878.7694711662128,5116.325827929805,-4041.217324102337,3420.298154591975
27592.71663904736,358.7264761769601,5621.107863840391,-3735.462003336798,2956.162723301311
27592.71783699327,-165.729355041249,6066.635722905306,-3389.608024791884,2459.918950637846
27592.7190358306,-688.8104584301494,6447.887639128632,-3007.406550459064,1937.003439798186
27592.72023506891,-1204.729565400623,6760.566662543056,-2593.0361707018,1393.174770681851
27592.72143419206,-1707.760784559753,7001.152484767032,-2151.062671339915,834.455502423722
27592.72263272358,-2192.33617541095,7166.961218616297,-1686.362293248068,267.0307338689358
27592.72383018547,-2653.094659677119,7256.166704140811,-1204.077612495997,-302.8073625766742
27592.72502612874,-3084.958018840513,7267.825768264537,-709.5443055093962,-868.7490951347893
27592.72622013163,-3483.188968638266,7201.884226717936,-208.227348658992,-1424.541644646293
27592.72741176774,-3843.436283926986,7059.177659081842,294.3308376507824,-1964.048658064609
27592.72860067958,-4161.808063071512,6841.411212866295,792.6073077869025,-2481.35634019026
27592.7297865255,-4434.896900100817,6551.13632453439,1281.141499441326,-2970.817316378583
27592.73096901501,-4659.825363439152,6191.707828818216,1754.613310972159,-3427.130022225919
27592.7321478843,-4834.268651624242,5767.242725237602,2207.893709531468,-3845.387176690363
27592.73332291365,-4956.479791915931,5282.560362920904,2636.109276861219,-4221.135825927743
27592.73449392146,-5025.302206770655,4743.120903922239,3034.69311505765,-4550.421432484987
27592.73566075504,-5040.176577072382,4154.960746800937,3399.430935660728,-4829.825754204481
27592.73682331197,-5001.141300229553,3524.607201906246,3726.511979078331,-5056.505400386201
27592.73798154937,-4908.821161258502,2858.991115691058,4012.567470668809,-5228.215680605732
27592.73913543702,-4764.415033900029,2165.390286079515,4254.689768544293,-5343.319557200819
27592.74028499543,-4569.673599810502,1451.324009561525,4450.468801468817,-5400.80494532353
27592.74143027903,-4326.873802544143,724.4768739502792,4598.007446051566,-5400.284754461083
27592.74257136695,-4038.790112707939,-7.380651676398202,4695.93510108593,-5341.994099020656
27592.74370838767,-3708.652407712258,-736.4926052397284,4743.418122486924,-5226.779021857992
27592.74484151549,-3340.103671667425,-1455.197904881556,4740.158230366682,-5056.076109489073
27592.74597093936,-2937.165645905374,-2155.989640695841,4686.387696392692,-4831.893295585955
27592.74709688709,-2504.184907584855,-2831.606574194346,4582.860841450774,-4556.778934194601
27592.74821963687,-2045.777722167865,-3475.110379827602,4430.835689173796,-4233.782914010935
27592.74933947164,-1566.797192002179,-4079.924959553401,4232.059100168428,-3866.430518449298
27592.75045670471,-1072.272182831545,-4639.913916045531,3988.74168703017,-3458.675719812059
27592.75157171499,-567.3383526460515,-5149.451031174215,3703.519427013817,-3014.840882836007
27592.75268486864,-57.22090714419815,-5603.429783385536,3379.439315607255,-2539.598029453112
27592.75379657395,452.8410777533819,-5997.333212698808,3019.912830388825,-2037.899318661314
27592.75490726686,957.6384763753424,-6327.261169884328,2628.681202822577,-1514.930873734779
27592.75601739309,1452.032606880878,-6589.954327855956,2209.782639484706,-976.0695594414105
27592.75712740916,1931.002986482462,-6782.820495327966,1767.512470289758,-426.831133012447
27592.75823779572,2389.69825856362,-6903.95484588563,1306.376014865613,127.1885110689441
27592.75934903545,2823.469446815062,-6952.147689494004,831.0546087539519,680.3542021720357
27592.76046158939,3227.902912146137,-6926.894320243366,346.3732017513676,1227.031058006531
27592.76157592364,3598.871228905833,-6828.401559333793,-142.7548117970454,1761.64924416085
27592.76269249497,3932.564898131999,-6657.584807912013,-631.3661184761363,2278.747544200327
27592.76381174275,4225.525250615004,-6416.062590585077,-1114.48887864073,2773.019611272684
27592.76493408374,4474.676548123472,-6106.146729708259,-1587.185773499348,3239.36108013415
27592.76605988721,4677.352898909153,-5730.834961463474,-2044.589586161945,3672.90873443945
27592.76718949647,4831.333543994478,-5293.785661534859,-2481.959089006781,4069.098627681836
27592.76832320186,4934.865445612857,-4799.301058114398,-2894.715164883383,4423.703645785662
27592.76946125629,4986.690058913594,-4252.289750503047,-3278.494031119007,4732.885704516507
27592.77060386064,4986.0621511318,-3658.234197341038,-3629.188290972778,4993.235216253802
27592.7717511546,4932.767481788333,-3023.15147382058,-3942.990647974348,5201.811996863196
27592.77290323318,4827.134899552914,-2353.533022536072,-4216.443567378723,5356.187997210645
27592.77406012387,4670.044699188788,-1656.298953021023,-4446.475993230377,5454.47866816428
27592.77522179549,4462.930795491571,-938.7286197883996,-4630.44692409729,5495.376544272874
27592.77638816636,4207.774532825847,-208.383969419102,-4766.183559851305,5478.176900652388
27592.77755910769,3907.091571408976,526.9699306172711,-4852.013083418554,5402.795450109355
27592.77873442519,3563.918555312619,1259.435194680073,-4886.788773563284,5269.781698754658
27592.77991386343,3181.789282841858,1981.070259952243,-4869.91507978651,5080.326642426708
27592.78109714818,2764.689208273288,2684.005108568354,-4801.362971054205,4836.253169427713
27592.78228392424,2317.037823024756,3360.494678366808,-4681.681104660592,4540.016229836816
27592.78347383175,1843.617282146337,4003.055598843807,-4511.993870243855,4194.668325651296
27592.7846664379,1349.547448291597,4604.518257924117,-4294.003260494185,3803.849300863892
27592.78586132235,840.1957998940472,5158.160415584103,-4029.963344773603,3371.725570087222
27592.78705801714,321.1411473701053,5657.758940334146,-3722.668803285545,2902.964678809833
27592.78825603667,-201.9027552680699,6097.684421295893,-3375.422254689801,2402.675495766098
27592.78945488444,-723.157232371414,6472.975206809758,-2991.996809952073,1876.347773187924
27592.79065408942,-1236.86294812353,6779.409311184194,-2576.580826648128,1329.771857234558
27592.79185313988,-1737.320029274035,7013.538341683851,-2133.751463676274,769.0002154714125
27592.79305155805,-2218.988416163397,7172.751364292488,-1668.395988238881,200.2422270602592
27592.79424886927,-2676.540819572774,7255.297721424193,-1185.663845174217,-370.1962346012547
27592.79544463017,-3104.936989315812,7260.309823454567,-690.8939482993114,-936.0015067604957
27592.79663838573,-3499.467911579347,7187.811331860138,-189.5682577636456,-1490.90739959
27592.79782976354,-3855.842485829442,7038.70986848905,312.7931655711448,-2028.813583389272
27592.79901838336,-4170.204977848574,6814.783792991246,810.660195364378,-2543.814803684344
27592.80020391001,-4439.195174526862,6518.652785024473,1298.579886481234,-3030.2938224683
27592.80138606371,-4659.983669250896,6153.733478096212,1771.24368813005,-3482.987939314527
27592.80256455694,-4830.288310148484,5724.211719812136,2223.522931498666,-3897.0232468255
27592.80373919262,-4948.412658277746,5234.955343678979,2650.565133567838,-4268.004136906262
27592.80490978057,-5013.245250396747,4691.478154630451,3047.814437231366,-4592.028381145195
27592.80607619853,-5024.272034656096,4099.845112241907,3411.082195635365,-4865.745430530807
27592.80723834441,-4981.57140452811,3466.617879386353,3736.573438346677,-5086.373941074391
27592.80839615457,-4885.808382826464,2798.767784192474,4020.931661698105,-5251.732429714548
27592.80954960646,-4738.219367343721,2103.591006532136,4261.271345095931,-5360.256416458794
27592.81069873916,-4540.586280407227,1388.610074765365,4455.206275057289,-5411.007479157936
27592.81184359718,-4295.217746625937,661.5226159402544,4600.858050321066,-5403.670924376148
27592.81298428818,-4004.907626808028,-69.91953691804065,4696.879542021759,-5338.553874486149
27592.81412093077,-3672.909095654332,-797.9617226793544,4742.455239546671,-5216.573521433571
27592.81525369174,-3302.885351058946,-1514.952364507851,4737.306758717804,-5039.238209403649
27592.81638277314,-2898.867631602881,-2213.413809749425,4681.686068971944,-4808.622827729258
27592.81750841926,-2465.205046584233,-2886.121480403514,4576.364135587573,-4527.336937204171
27592.81863087981,-2006.529708069249,-3526.152665864483,4422.619359441239,-4198.499885944177
27592.81975045441,-1527.689131635272,-4126.979455244152,4222.214140087446,-3825.691751342564
27592.82086746276,-1033.705874724987,-4682.511586367588,3977.373416117566,-3412.918479500163
27592.82198227999,-529.7097397568918,-5187.167857043297,3690.748251135269,-2964.553058316495
27592.82309528954,-20.90667508813919,-5635.899597353244,3365.393658224297,-2485.304396648356
27592.82420688884,487.4742683920138,-6024.238268293971,3004.735221169972,-1980.167589605103
27592.82531752528,990.2474591302496,-6348.343182770844,2612.520124725977,-1454.356302098129
27592.82642763522,1482.291371668554,-6605.009843078955,2192.798110402661,-913.2787515051582
27592.82753769796,1958.619578431358,-6791.709268820246,1749.862336151287,-362.4604260399369
27592.82864816091,2414.393239765785,-6906.590982738563,1288.236685339082,192.4714368103078
27592.82975952631,2845.000926771561,-6948.50910564585,812.5985162625423,745.8826858859952
27592.83087225512,3246.059995051843,-6917.018865747429,327.7750498462395,1292.135878339592
27592.83198681445,3613.475990218486,-6812.386213743487,-161.319922782743,1825.665231249218
27592.83310365707,3943.472147789615,-6635.585232729324,-649.7218116809778,2341.017204567665
27592.83422322384,4232.625418028291,-6388.291155397013,-1132.461189662713,2832.901665314752
27592.83534590824,4477.891231291183,-6072.877775865841,-1604.594062020419,3296.226181074671
27592.83647208876,4676.644308193549,-5692.395718197507,-2061.262139548876,3726.159969230406
27592.8376021091,4826.702098432369,-5250.554639837644,-2497.730589679469,4118.173053731016
27592.83873625155,4926.348985139703,-4751.708378441877,-2909.424933688968,4468.075146386103
27592.83987476164,4974.364747955959,-4200.814187820464,-3291.988264517771,4772.071476519937
27592.84101784269,4970.042689679183,-3603.394467116452,-3641.324976213474,5026.803791403851
27592.84216562484,4913.206288186681,-2965.507688785066,-3953.637327153914,5229.385374975012
27592.84331819549,4804.221929067961,-2293.681165984545,-4225.480088077787,5377.447484501859
27592.84447557212,4644.007134461233,-1594.867007189916,-4453.796208081646,5469.169678931522
27592.84563773303,4434.028318317241,-876.3585047353051,-4635.963784123318,5503.313461847105
27592.8468045888,4176.299025786053,-145.7352707496073,-4769.826548666777,5479.244016786075
27592.84797599934,3873.366127832224,589.2243086557955,-4853.72975304861,5396.950162342962
27592.8491517537,3528.297205323322,1320.612958456636,-4886.546966066996,5257.058168050695
27592.85033161454,3144.643328818519,2040.508804748109,-4867.704627520346,5060.832197014144
27592.85151526496,2726.423154278235,2741.032218385384,-4797.197307855555,4810.178017026029
27592.85270236832,2278.065316680469,3414.473860369838,-4675.596747836707,4507.622283319004
27592.85389255597,1804.365666628432,4053.377167122288,-4504.051131808232,4156.29166185797
27592.85508540209,1310.446769943725,4650.615295144235,-4284.283713254206,3759.892518720743
27592.8562804525,801.691085689012,5199.496211891089,-4018.577553611673,3322.667850989255
27592.85747726469,283.6623801685597,5693.86274612656,-3709.743604299685,2849.336344141636
27592.85867534201,-237.9304846896302,6128.140169985414,-3361.106920061553,2345.064872978115
27592.85987419239,-757.325589931059,6497.433469656832,-2976.457466353081,1815.388399815253
27592.86107333712,-1268.780153885455,6797.588048910847,-2560.002299772644,1266.140291335981
27592.8622722715,-1766.622222620176,7025.231161917579,-2116.330151048325,703.4014747093556
27592.86347052918,-2245.345634374212,7177.829058580837,-1650.335025714965,133.3988789336172
27592.86466763973,-2699.657761539303,7253.707203867521,-1167.172787210333,-437.5494466271975
27592.86586314404,-3124.549451507112,7252.07466579563,-672.1944038313761,-1003.116930210015
27592.86705662149,-3515.363712987571,7173.031177654567,-170.8703650441605,-1557.056966698749
27592.86824769097,-3867.847879715062,7017.557394458606,331.2756749562924,-2093.276766437296
27592.86943597588,-4178.191035516052,6787.502622450854,828.7176235328278,-2605.892718944743
27592.87062114404,-4443.078754899113,6485.554086444668,1316.008777781957,-3089.316812649874
27592.87180288832,-4659.723055830167,6115.202113921471,1787.83726519822,-3538.311878703014
27592.87298096983,-4825.897739254781,5680.678092966666,2239.103924738497,-3948.065828978099
27592.87415516493,-4939.948138009411,5186.91338787825,2664.957997579249,-4314.222756619549
27592.87532530761,-5000.810363549591,4639.460323803538,3060.86639684511,-4632.943139336228
27592.87649125879,-5008.013113910935,4044.433716896468,3422.65050978996,-4900.931917189895
27592.87765292446,-4961.677612888155,3408.427225282084,3746.535791149143,-5115.475009367576
27592.87881025997,-4862.507074024269,2738.429570573972,4029.189264345011,-5274.461937647769
27592.87996324981,-4711.772077785662,2041.752593166547,4267.745251456407,-5376.397857284006
27592.88111192968,-4511.286773201249,1325.933659521138,4459.835677870575,-5420.41449740013
27592.88225635189,-4263.387003363329,598.671368056956,4603.602843343985,-5406.269180956285
27592.88339659823,-3970.898491490733,-132.2671205895388,4697.717498750241,-5334.342916394457
27592.88453281963,-3637.088379054606,-859.156223547343,4741.387951874691,-5205.623887221823
27592.88566518505,-3265.635670212268,-1574.361009482956,4734.354887407859,-5021.689559378596
27592.88679390631,-2860.580418447333,-2270.431374452091,4676.888267101789,-4784.680045632328
27592.88791920337,-2426.289155283805,-2940.155568586211,4569.778972427328,-4497.275406656895
27592.88904134377,-1967.391965009196,-3576.655512570971,4414.322308467227,-4162.65331336417
27592.89016063444,-1488.733224560973,-4173.445852862946,4212.295858608301,-3784.449115578363
27592.89127740098,-995.3285826655979,-4724.481976561872,3965.938037177753,-3366.719386514741
27592.89239201135,-492.3029410025214,-5224.22581676699,3677.915122219058,-2913.887856974055
27592.89350484818,15.14901779845455,-5667.679416202718,3351.29535152261,-2430.707333242153
27592.89461631891,521.8180646935214,-6050.43197610989,2989.512701839236,-1922.206445536844
27592.8957268662,1022.534987820425,-6368.697129121012,2596.325639183576,-1393.633010561483
27592.89683693187,1512.202419621482,-6619.330138506743,2175.790381518356,-850.4189246485234
27592.89794698692,1985.854923714455,-6799.860131330659,1732.210229470441,-298.1139276723497
27592.89905751103,2438.694179517245,-6908.500838946271,1270.101083987946,257.6568254004369
27592.9001689736,2866.124276050551,-6944.162376883525,794.157454031314,811.2349048370124
27592.90128185482,3263.801387755821,-6906.461276113866,309.2006963337401,1356.990665586797
27592.90239661614,3627.661585579769,-6795.722328371943,-179.8521815318339,1889.359755820277
27592.90351371948,3953.964753142423,-6612.975889913501,-668.0411514370079,2402.903037960754
27592.90463358757,4239.317633710089,-6359.956515733462,-1150.390731872592,2892.338152048283
27592.90575662065,4480.713844866325,-6039.091869506865,-1621.963073726162,3352.597877716348
27592.90688318359,4675.562414523334,-5653.489701133613,-2077.898845935405,3778.874045680131
27592.90801360822,4821.717684115706,-5206.915853307124,-2513.46504802105,4166.667144001147
27592.90914818683,4917.504237211654,-4703.768756352995,-2924.099127689222,4511.830809571449
27592.91028716052,4961.739364940708,-4149.051547631408,-3305.451649153411,4810.614055596201
27592.91143070595,4953.754356822387,-3548.340759874292,-3653.429639126971,5059.703407066774
27592.91257897545,4893.410592956316,-2907.719492660541,-3964.255014056139,5256.273454164138
27592.91373203726,4781.111555567797,-2233.756154715642,-4234.491163936306,5398.012250864231
27592.91488991715,4617.808747914817,-1533.423031932537,-4461.098244151402,5483.164596624179
27592.91605257291,4405.004541507486,-814.044820724265,-4641.467080085577,5510.558251596718
27592.91721991155,4144.744880253059,-83.21612907239137,-4773.459739418028,5479.630032238933
27592.91839178923,3839.606330473191,651.2766439772993,-4855.440933039199,5390.44245660581
27592.91956798855,3492.683949750612,1381.523841391994,-4886.304674661336,5243.697314925822
27592.92074826313,3107.553987199035,2099.607274799312,-4865.499153531959,5040.735638473247
27592.92193229311,2688.254791530058,2797.662674898284,-4793.041699808335,4783.53931300247
27592.92311973571,2239.231574871175,3468.001993694053,-4669.527322254546,4474.710358385701
27592.92431021341,1765.293558854336,4103.196507358836,-4496.128340708949,4117.449737810659
27592.92550330987,1271.564519441286,4696.164345861058,-4274.588982847908,3715.529252388078
27592.92669857412,763.4252527732625,5240.260835139699,-4007.212265837863,3273.253851462016
27592.92789552764,246.4499784030617,5729.366231090731,-3696.838282545457,2795.414702350148
27592.92909368983,-273.6693292582854,6157.97354975654,-3346.808509673607,2287.226176629224
27592.93029257321,-791.1879501144267,6521.254150230391,-2960.929284371701,1754.267402820751
27592.93149169085,-1300.379700729288,6815.120281308395,-2543.42618051121,1202.41411683224
27592.93269054655,-1795.601146722423,7036.274344224584,-2098.898707724216,637.7741720844379
27592.9338886675,-2271.372789987764,7182.256936562113,-1632.254537881775,66.59987004388586
27592.93508558706,-2722.437140149209,7251.471807513326,-1148.656882793038,-504.7788882426785
27592.9362808704,-3143.830708733512,7243.205599493485,-653.4525681706531,-1070.042278872342
27592.93747408799,-3530.932464969346,7157.632763030185,-152.118664550514,-1622.943271916344
27592.93866483924,-3879.526476587125,6995.811827709606,349.8125360999483,-2157.392999404147
27592.93985276576,-4185.852818089428,6759.664516967591,846.8251132868432,-2667.537894840792
27592.94103754661,-4446.645906614644,6451.945096101734,1333.482305425925,-3147.824291098932
27592.94221889642,-4659.167734037371,6076.201053844912,1804.488527293807,-3593.059953395975
27592.94339656161,-4821.234553656257,5636.726334924831,2254.748216025752,-3998.470097080008
27592.94457031746,-4931.237660473176,5138.507123911752,2679.422249531514,-4359.748738259252
27592.9457400076,-4988.159008720454,4587.139731728652,3073.994980625339,-4673.115171483835
27592.94690549796,-4991.570448522257,3988.777681659142,3434.304834201343,-4935.336017106631
27592.94806670108,-4941.633749120418,3350.045220081077,3756.5958232197,-5143.762765605338
27592.94922356269,-4839.091237403962,2677.963731178228,4037.550471051635,-5296.351233145101
27592.95037607399,-4685.249412849805,1979.861636782449,4274.32440651276,-5391.67874178072
27592.95152426861,-4481.956050074254,1263.290462505481,4464.569718612942,-5428.949935265993
27592.95266820441,-4231.575999110397,535.9506664671214,4606.450989767983,-5407.996631728866
27592.95380801077,-3936.947907076864,-194.423442140697,4698.663504481746,-5329.269806301058
27592.95494379334,-3601.370229288549,-920.0866686530064,4740.430679322968,-5193.830971304371
27592.95607575546,-3228.528444576042,-1633.441912208521,4731.514099980375,-5003.323622248269
27592.95720408704,-2822.481877427759,-2327.04756504637,4672.202634516162,-4759.958937631734
27592.95832902422,-2387.599624909963,-2993.730446065066,4563.305191433781,-4466.478956763965
27592.95945083965,-1928.513249381858,-3626.649263785778,4406.133523299215,-4126.120795731998
27592.96056984437,-1450.064703755436,-4219.35947361677,4202.480316388053,-3742.575062632943
27592.96168636193,-957.2659144302103,-4765.858456237655,3954.599124980375,-3319.951326005988
27592.96280076222,-455.2326041440722,-5260.656325970505,3665.16960011693,-2862.720190451934
27592.96391342078,50.84928515665823,-5698.803366419707,3337.274816122102,-2375.680183980891
27592.96502476235,555.793857509993,-6075.949382584895,2974.354918461062,-1863.88937053365
27592.9661352166,1054.444708505005,-6388.359596349048,2580.182383048877,-1332.632719034425
27592.96724524009,1541.732778046045,-6632.951381557112,2158.816632798065,-787.3604894134378
27592.96835529427,2012.712804558252,-6807.310698802851,1714.571460650139,-233.6464232042617
27592.96946585168,2462.610778028165,-6909.711697943598,1251.971538669161,322.8674076148191
27592.97057740885,2886.870890026689,-6939.127145189525,775.7040428069619,876.5290441797913
27592.9716904272,3281.172929173641,-6895.232253619335,290.6007434183442,1421.698483712611
27592.97280538745,3641.492138424305,-6778.409650733496,-198.4286493154647,1952.825721973812
27592.97392272824,3964.114749130898,-6589.749919619915,-686.41419100783,2464.471542463376
27592.9750428856,4245.68682857129,-6331.042588723923,-1168.387878360529,2951.376877326291
27592.97616624593,4483.234820708692,-6004.773539917754,-1639.409052381593,3408.491628417294
27592.97729317667,4674.205701059933,-5614.1030871328,-2094.624156984835,3831.037964264617
27592.97842401061,4816.491200368432,-5162.846496494925,-2529.306501813532,4214.551294794001
27592.97955902659,4908.451938957283,-4655.454569053034,-2938.89588606671,4554.921091667519
27592.98069846396,4948.943170763451,-4096.975102510121,-3319.051500395651,4848.442047933679
27592.98184249982,4937.33341285095,-3493.023748516411,-3665.690949512309,5091.851695972409
27592.98299126294,4873.521596835041,-2849.731415902762,-3975.041544814756,5282.37609294188
27592.98414481437,4757.94930950644,-2173.701610645857,-4243.679961323363,5417.764670920826
27592.98530319441,4591.601597357967,-1471.922652705222,-4468.585499738481,5496.329133650216
27592.98646634345,4376.016011928708,-751.7479597705569,-4647.162355022898,5516.96416540475
27592.98763416599,4113.269981189697,-20.78553645885313,-4777.290812688572,5479.178081418538
27592.98880650779,3805.970915074043,713.1667974613706,-4857.354359562289,5383.107499543471
27592.98998315883,3457.237016777608,1442.206384798899,-4886.268036476542,5229.528229509804
27592.99116384139,3070.676073341273,2158.405733493011,-4863.501481625319,5019.861303747598
27592.99234824568,2650.342003426413,2853.924931356383,-4789.095426752218,4756.163146037657
27592.99353605068,2200.685268336608,3521.113406009899,-4663.664706578104,4441.102938649427
27592.99472684837,1726.535308903162,4152.557293846261,-4488.406112646917,4077.959455276882
27592.99592021191,1233.025063722294,4741.209998046442,-4265.088460574552,3670.5761066019
27592.99711568747,725.5365465260097,5280.473885036376,-3996.038034398954,3223.323158821902
27592.99831282157,209.6278351741477,5764.29379476876,-3684.109448438894,2741.040139063055
27592.99951110796,-309.0085565660988,6187.211152272895,-3332.669544295008,2229.003277579787
27593.00004669423,-540.0841202067468,6355.188184017943,-3163.884720108062,1992.102979458222
