DefaultSC.A1ModJulian,DefaultSC.EarthMJ2000Eq.X,DefaultSC.gse.X,DefaultSC.gse.Y,DefaultSC.gse.Z
26861.00003512016,4130.387316102661,-1888.98175919233,-3676.75877620837,5917.194674422451
26861.0007295646,3985.568645458532,-1459.506223061014,-3752.655466106708,6003.564813145153
26861.00182765683,3726.031976311219,-769.8141612351833,-3843.593386816078,6093.576590880437
26861.00298683697,3414.128058496247,-34.08641848221441,-3900.398532016335,6126.333733972647
26861.00415721201,3063.226762541614,709.0311712561627,-3916.629297735988,6094.669673369499
26861.00533286947,2678.307644005294,1447.932734405982,-3891.456869016987,5998.170262099429
26861.00651290439,2263.564577517113,2174.176408373369,-3824.933874362008,5837.566600883366
26861.00769693555,1823.404600450292,2879.756095095165,-3717.602765069229,5614.328820339712
26861.00888458534,1362.543096442088,3556.864842879058,-3570.47169124241,5330.646333928059
26861.01007545879,885.9569614357981,4197.973857201983,-3385.005336981362,4989.407295478662
26861.01126909952,398.8462982181255,4795.900682498288,-3163.119445851305,4594.184659438971
26861.0124650429,-93.44618584307538,5343.928151436216,-2907.155439046655,4149.186965063348
26861.01366279401,-585.4890099653646,5835.877180881471,-2619.859743112269,3659.220049595818
26861.01486184887,-1071.835133032185,6266.195098359835,-2304.349638560297,3129.626320021988
26861.01606169279,-1547.08676937728,6630.025041331118,-1964.078079498037,2566.223832888398
26861.01726181587,-2005.966753437694,6923.272130911937,-1602.789183109629,1975.230915265886
26861.0184617172,-2443.383596954027,7142.653992901733,-1224.472134231236,1363.189476910913
26861.01966090621,-2854.492990653142,7285.740063286247,-833.3128469603687,736.8856408630631
26861.02085891782,-3234.760439814784,7350.980758532489,-433.6386082785152,103.2601045293045
26861.02205530303,-3580.010925963173,7337.721444998614,-29.86903719977994,-530.670398991788
26861.02324964966,-3886.482936330963,7246.206224851453,373.5437171022928,-1157.907778866796
26861.02444158548,-4150.869548160982,7077.566121902459,772.168723687369,-1771.55653116532
26861.02563077367,-4370.351509541507,6833.797659714386,1161.64625774699,-2364.901018180207
26861.02681687204,-4542.620436463273,6517.744193730815,1537.724895254118,-2931.462688418687
26861.02799964333,-4665.9184039728,6133.028556782186,1896.344904798206,-3465.126270182007
26861.02917883657,-4739.034009112987,5684.032610947938,2233.645216242343,-3960.149458434318
26861.03035425054,-4761.321147748673,5175.824780561768,2546.025822492988,-4411.255670909562
26861.03152573468,-4732.697845840071,4614.091552856802,2830.185058031255,-4813.687582906687
26861.03269316527,-4653.640371808539,4005.076830033993,3083.147038934663,-5163.24578912831
26861.03385646141,-4525.171864791381,3355.499016220046,3302.295382191222,-5456.335554998257
26861.03501557511,-4348.845259700103,2672.476138734616,3485.395853666359,-5689.99676256083
26861.03617047479,-4126.724285419975,1963.453694369915,3630.615274664625,-5861.928161229043
26861.03732119687,-3861.345753336526,1236.088157724009,3736.543986098927,-5970.51364760567
26861.03846778483,-3555.697402105328,498.1978141938489,3802.198178499912,-6014.822199090155
26861.03961031381,-3213.177307801252,-242.3379478791935,3827.030159340134,-5994.616149173516
26861.0407489145,-2837.544246065656,-977.6798808123135,3810.928545224128,-5910.343516986366
26861.04188371867,-2432.890011926311,-1700.077022187659,3754.213692722013,-5763.127053907819
26861.04301489416,-2003.582335271174,-2401.970567104034,3657.630838510919,-5554.74517957826
26861.04414264917,-1554.212877774818,-3076.073642739236,3522.335475711677,-5287.60257857872
26861.04526720394,-1089.557414481746,-3715.427168848973,3349.879221635942,-4964.703447418585
26861.04638881419,-614.5151267901916,-4313.482607695774,3142.186890308712,-4589.608692494146
26861.04750777733,-134.0534052427565,-4864.166112640421,2901.529391980348,-4166.388006682499
26861.04862440598,346.8324002369272,-5361.920041177422,2630.501014581698,-3699.580626895145
26861.04973905082,823.1791631342473,-5801.763277056273,2331.984442962208,-3194.135235891887
26861.05085207664,1290.094694671368,-6179.322761250556,2009.1241694207,-2655.365360283676
26861.05196390152,1742.820993006354,-6490.881430398237,1665.28100125221,-2088.873656011025
26861.05307495315,2176.759740544303,-6733.388739027614,1304.008782106619,-1500.514161311953
26861.0541856754,2587.517088542997,-6904.485796647559,929.0172218556621,-896.3314816028765
26861.055296544,2970.947931573529,-7002.521335212702,544.1301323652433,-282.493466622524
26861.056408057,3323.186534892462,-7026.554471257528,153.251872578393,334.7621302930404
26861.05752069805,3640.667346225082,-6976.356361603357,-239.6555620628643,949.1641546948547
26861.05863494629,3920.160507272314,-6852.413173588953,-630.6115873056085,1554.470070161745
26861.05975129984,4158.804928984241,-6655.915750974986,-1015.660798284952,2144.534328573276
26861.06087023421,4354.122142915179,-6388.751699968046,-1390.893298040725,2713.340041188365
26861.06199218255,4504.038676350044,-6053.499927104465,-1752.473428949146,3255.044080586154
26861.06311756141,4606.913347632013,-5653.40794758339,-2096.683890574105,3764.044992920311
26861.06424675049,4661.553172606041,-5192.374029530885,-2419.954049648279,4235.026417672256
26861.06538008107,4667.230450248229,-4674.925178023382,-2718.891956671394,4663.005997208392
26861.0665178435,4623.69764981062,-4106.181578480597,-2990.32149244703,5043.391240097909
26861.06766025295,4531.200295056416,-3491.835376347153,-3231.309115871006,5372.020185989215
26861.06880749014,4390.483024837354,-2838.085392273803,-3439.207682623542,5645.225293964488
26861.06995966452,4202.79468825684,-2151.604213661441,-3611.680863012472,5859.869439225019
26861.07111682444,3969.886607492493,-1439.474714780691,-3746.736997261033,6013.394218057068
26861.07227894459,3694.008488978925,-709.1323014708132,-3842.757021579521,6103.859362456941
26861.07344595399,3377.889218456646,31.72496535119899,-3898.523199501452,6129.980719232278
26861.07461769672,3024.727395151773,775.1903772220214,-3913.238770859373,6091.156871547801
26861.07579397078,2638.155835674809,1513.257398491249,-3886.548701573503,5987.492889291705
26861.07697450874,2222.214630631886,2237.896411857125,-3818.552134447923,5819.813632765121
26861.07815898936,1781.309175780578,2941.154470654393,-3709.810601111432,5589.668413401107
26861.07934705074,1320.160306575098,3615.257201369829,-3561.348392618972,5299.323069456434
26861.08053827755,843.7586677873942,4252.69585699825,-3374.649409267801,4951.747687417586
26861.08173224345,357.2925475659088,4846.342933308473,-3151.639696425074,4550.579328834137
26861.08292845178,-133.8876078126856,5389.511579365904,-2894.680336138906,4100.105736455149
26861.08412641305,-624.3632200034593,5876.079979294547,-2606.529853896228,3605.195514760945
26861.08532562402,-1108.703808264356,6300.55655171535,-2290.316576956954,3071.248908545685
26861.08652556598,-1581.531566584627,6658.149708774064,-1949.503990179446,2504.137131182146
26861.08772572571,-2037.594848098396,6944.835779048651,-1587.844828904884,1910.124066121645
26861.08892561122,-2471.837053721,7157.410255089198,-1209.331023171363,1295.782804547524
26861.09012472975,-2879.448764872482,7293.52043349286,-818.1523643668896,667.9274722394098
26861.09132260185,-3255.930839876743,7351.697125449733,-418.6420541586023,33.52444790072559
26861.09251880077,-3597.158778957301,7331.369365539165,-15.21117796259176,-600.412448671095
26861.09371290061,-3899.413346882707,7232.863514066969,387.6868970373348,-1226.878306886828
26861.09490454451,-4159.440093825268,7057.390512253855,785.6320226668556,-1838.99534142374
26861.09609338401,-4374.467589349964,6807.027845320739,1174.268348174396,-2430.060666852831
26861.09727911376,-4542.244556989729,6484.685765256371,1549.366019458306,-2993.64098089543
26861.09846147707,-4661.060223884529,6094.061825291346,1906.870220130321,-3523.646301454392
26861.0996402426,-4729.755369104018,5639.59714889947,2242.938555566381,-4014.385474876882
26861.10081520049,-4747.732461243254,5126.423437170754,2553.982639382893,-4460.627507830895
26861.1019862194,-4714.957185843739,4560.272468665552,2836.721024156399,-4857.677552113161
26861.1031531661,-4631.951322113734,3947.439678384169,3088.191602716137,-5201.39363152445
26861.1043159707,-4499.780296661847,3294.677980178766,3305.797378948083,-5488.249961028557
26861.1054745964,-4320.034881136053,2609.131190332417,3487.323111646867,-5715.357730698666
26861.10662901963,-4094.812582832923,1898.264255076592,3630.953422113989,-5880.487901267315
26861.1077792598,-3826.685642780345,1169.761206908496,3735.29379137005,-5982.095745687029
26861.10892537096,-3518.668168093191,431.4433421475155,3799.379127459173,-6019.327500795898
26861.11006743522,-3174.180185057707,-308.8128287074378,3822.678931815833,-5992.021600854593
26861.11120556616,-2797.005615181431,-1043.16301030517,3805.098537335669,-5900.703211034957
26861.1123399303,-2391.239555257855,-1763.892143205981,3746.973496465962,-5746.567080983866
26861.11347067431,-1961.266995245122,-2463.448617610592,3649.064535161524,-5531.466687774535
26861.11459801511,-1511.681763162277,-3134.578908798695,3512.540695853859,-5257.876000419144
26861.11572218425,-1047.255347363544,-3770.36475072109,3338.964609710384,-4928.862998438457
26861.11684344262,-572.8801032937708,-4364.300046193851,3130.27084130993,-4548.048772688297
26861.11796210098,-93.50848798361821,-4910.362007329912,2888.736407329448,-4119.554731879231
26861.11907846697,385.875509165802,-5403.038991165998,2616.963766586322,-3647.973203563876
26861.12019290556,860.3322523884457,-5837.408168319172,2317.837668328036,-3138.292425977271
26861.12130578453,1324.991688957284,-6209.151948297602,1994.505521143493,-2595.863934413261
26861.12241751491,1775.116983559837,-6514.608318912807,1650.332843641434,-2026.327660315699
26861.12352853222,2206.140090347677,-6750.788588486386,1288.872496524145,-1435.561584680388
26861.12463929138,2613.700640451562,-6915.395792750431,913.8304810955276,-829.6259010944232
26861.12575026433,2993.683165620917,-7006.837855281343,529.0306772435808,-214.7059510433114
26861.12686192298,3342.246985690938,-7024.234843789961,138.3846654562857,402.9363150661864
26861.12797475466,3655.864476228925,-6967.423399679622,-254.1496821937808,1017.028348974048
26861.12908925185,3931.346961690538,-6836.952180842416,-644.6004849654261,1621.337835971652
26861.13020589777,4165.868137045536,-6634.075858419641,-1029.012117133236,2209.720214560878
26861.13132516208,4356.988699520111,-6360.7456581241,-1403.478821067931,2776.17117354575
26861.13244748678,4502.677446370042,-6019.598602836993,-1764.17499682949,3314.87379146095
26861.13357329083,4601.333614827085,-5613.938151251972,-2107.391795467325,3820.254854710178
26861.13470293847,4651.803545614302,-5147.722938015704,-2429.562601110828,4287.024364897649
26861.13583675531,4653.400757936911,-4625.535201379195,-2727.303944334682,4710.237580227216
26861.13697504213,4605.917914422134,-4052.538722982279,-2997.453043342631,5085.350793156353
26861.13811801372,4509.63882121683,-3434.469225852714,-3237.086995220995,5408.251040822833
26861.13926582815,4365.347956893228,-2777.577444305829,-3443.565950631004,5675.319424135407
26861.14041858295,4174.333623177118,-2088.578489392864,-3614.56539771283,5883.477784901029
26861.14157632172,3938.384211219633,-1374.587978578113,-3748.108042389275,6030.23353906682
26861.1427390242,3659.781621792905,-643.0613621802263,-3842.590613403646,6113.716759678478
26861.1439065938,3341.291679352426,98.27080662692879,-3896.809519120513,6132.715055832691
26861.14507887888,2986.139856916408,841.4954304921382,-3909.98540683693,6086.704187142874
26861.14625566831,2597.985655306214,1578.598992225227,-3881.780271567211,5975.867813748593
26861.14743668168,2180.893670768256,2301.550773628287,-3812.311389356692,5801.112095339306
26861.14862160828,1739.280985113655,3002.41945243688,-3702.156973891067,5564.064174858036
26861.14981005862,1277.889405592076,3673.438199950897,-3552.361205762069,5267.074261964719
26861.15100162231,801.7134160556094,4307.133991571336,-3364.424780240724,4913.189023745093
26861.15219585366,315.9492267321583,4896.410768901868,-3140.293549758914,4506.12607532073
26861.15339228919,-174.0719049223045,5434.646700240241,-2882.337093514417,4050.231251751715
26861.15459041946,-662.9346272116451,5915.765685915881,-2593.330765731585,3550.443655193372
26861.1557897365,-1145.223452348936,6334.337002139995,-2276.415776574646,3012.223437015723
26861.15698974583,-1615.592397485813,6685.64438624895,-1935.058406218261,2441.480933434717
26861.15818992331,-2068.812350961929,6965.731406328225,-1573.021374528933,1844.527108883221
26861.15938976603,-2499.854443221896,7171.46715741656,-1194.305362097333,1227.975007127092
26861.16058877326,-2903.943305914634,7300.578660350484,-803.106256918495,598.6690218910817
26861.16178649612,-3276.630262837902,7351.681084779607,-403.7482589113582,-36.42376560911907
26861.16298248754,-3613.827617523604,7324.283610271695,-0.6478775078771832,-670.2712785516105
26861.16417635381,-3911.870662932798,7218.792014494706,401.755792691072,-1295.887080810299
26861.16536769877,-4167.54315967201,7036.500580591705,799.0348717141866,-1906.383334607395
26861.16655619132,-4378.128526689355,6779.564581418281,1186.847071117631,-2495.086042220884
26861.16774153885,-4541.428491922375,6450.966445372655,1560.976262422481,-3055.596334146702
26861.16892347845,-4655.782444598678,6054.476289567963,1917.377054894127,-3581.857564877971
26861.17010178445,-4720.082937563542,5594.600015165941,2252.222013146692,-4068.225427312324
26861.17127626787,-4733.782712620172,5076.520763061072,2561.942907572226,-4509.528024438652
26861.17244679151,-4696.894350775295,4506.025569138743,2843.271895342204,-4901.124453300637
26861.17361324815,-4609.983013645884,3889.442662436711,3093.268730702435,-5238.942291844713
26861.17477556429,-4474.154968211233,3233.564429008862,3309.35127144388,-5519.518949154988
26861.17593369115,-4291.04139665391,2545.573034004626,3489.319066696889,-5740.03231284134
26861.17708762245,-4062.772781106161,1832.94720874323,3631.376809325951,-5898.329412602101
26861.17823738686,-3791.950216275661,1103.380886981314,3734.147541897792,-5992.939965403187
26861.17938304031,-3481.613740015901,364.7021465588155,3796.682269652705,-6023.084241439598
26861.18052466757,-3135.204922576509,-375.2135369833043,3818.46621014123,-5988.675053086106
26861.18166237432,-2756.528442971284,-1108.523403662271,3799.420121172522,-5890.312545677588
26861.18279631082,-2349.699741195307,-1827.516208937846,3739.896236925115,-5729.268686575508
26861.18392664758,-1919.105279436372,-2524.67717139861,3640.669489327568,-5507.467409533237
26861.18505359741,-1469.345069437245,-3192.77851341195,3502.922876987633,-5227.453080940404
26861.18617739504,-1005.189360531703,-3824.93880987701,3328.23141065528,-4892.359575567196
26861.18729831497,-531.5199980880284,-4414.699989877671,3118.538461658437,-4505.865653041783
26861.18841665636,-53.28496993163035,-4956.079026831196,2876.132904484166,-4072.153904585039
26861.18953275364,424.5569207087288,-5443.627297992575,2603.619265367426,-3595.857886507577
26861.19064696562,897.0811402077341,-5872.472184010541,2303.889563506008,-3082.013547012551
26861.19175968324,1359.448672579996,-6238.360266835467,1980.088975568771,-2536.000704680261
26861.19287131428,1806.945450775388,-6537.684849676047,1635.586183523263,-1963.493363178292
26861.19398228709,2235.02775332273,-6767.514876927963,1273.937659219374,-1370.40028487578
26861.19509307462,2639.371649905695,-6925.617303750685,898.8435735576962,-762.7929191178305
26861.19620412438,3015.884789923477,-7010.458440707872,514.1350593386155,-146.8848360168749
26861.19731593041,3360.768052178863,-7021.222636160526,123.7139929504461,471.0655139549149
26861.19842897257,3670.526447986592,-6957.807386187645,-268.462268036671,1084.778790180107
26861.19954374631,3942.008395168645,-6820.821865278183,-658.4268254561036,1688.027553852085
26861.20066072046,4172.421800747278,-6611.583191955161,-1042.223804270996,2274.668747288997
26861.20178035508,4359.365025349109,-6332.105733407488,-1415.949982578214,2838.708800859844
26861.20290309393,4500.847630526625,-5985.085979187062,-1775.787193188049,3374.353731063862
26861.20402933301,4595.307741883053,-5573.893478708753,-2118.027390296511,3876.048216992825
26861.20515946526,4641.635275331873,-5102.531763503044,-2439.121513100653,4338.549416960645
26861.20629380136,4639.182716853229,-4575.639981205662,-2735.690909076774,4756.945482725218
26861.20743261469,4587.783987176631,-3998.444087248968,-3004.576716098501,5126.729243620459
26861.20857613929,4487.762453656348,-3376.715341744846,-3242.872619794995,5443.8462908794
26861.20972451818,4339.942255334021,-2716.752371472307,-3447.948032895423,5704.730162565038
26861.21087785027,4145.648506312036,-2025.304130076634,-3617.49207613614,5906.364728898687
26861.21203615945,3906.708340324182,-1309.527063282523,-3749.539095272645,6046.320642196704
26861.21319942164,3625.438109834881,-576.9017746281015,-3842.501280457764,6122.799099054885
26861.21436753501,3304.635520926978,164.822303998325,-3895.191053348222,6134.662085648173
26861.21554035351,2947.551196814323,907.7276013504509,-3906.845588294909,6081.461599191595
26861.21671764162,2557.87533353064,1643.784947610791,-3877.14360473217,5963.460865339776
26861.21789912722,2139.689097037392,2364.976802725721,-3806.21953062964,5781.644931474702
26861.21908447396,1697.433539968718,3063.372752531369,-3694.670691895255,5537.724791213485
26861.22027330235,1235.856822018424,3731.237210258321,-3543.557869880847,5234.127870633018
26861.22146519902,759.9590669620981,4361.128509213408,-3354.398258991198,4873.977279479281
26861.22265971591,274.9365710544997,4945.990225545998,-3129.15327177577,4461.063620332846
26861.22385637047,-213.8779084057443,5479.240658456984,-2870.210798524523,3999.808162489448
26861.22505467633,-701.0902809105828,5954.870138621416,-2580.354198399837,3495.20422650106
26861.22625411424,-1181.297673352913,6367.504893557466,-2262.738247434239,2952.772772548938
26861.22745417363,-1649.170377999171,6712.492176887179,-1920.843376273955,2378.481549328178
26861.22865434649,-2099.51348555523,6985.954234937238,-1558.435556105494,1778.676163431227
26861.22985413823,-2527.333355741189,7184.837767235539,-1179.518061853104,1159.99870859517
26861.23105304401,-2927.889403675817,7306.947410669007,-788.291039331408,529.3202646507848
26861.23225060576,-3296.770320076071,7350.978778436503,-389.0827184616495,-106.3714300733868
26861.23344639294,-3629.93711749213,7316.523504137564,13.69714432835133,-740.0464383636747
26861.23464000876,-3923.770016193543,7204.067908250438,415.6118707004701,-1364.719199379385
26861.23583105536,-4175.100779832258,7014.986671048347,812.238575027757,-1973.512656741232
26861.23701920533,-4381.263556599973,6751.512520499553,1199.243812241274,-2559.775294496732
26861.23820417302,-4540.111789243208,6416.700645276155,1572.423208855836,-3117.140686510856
26861.23938569144,-4650.035263636419,6014.392812222815,1927.741428576442,-3639.587540090572
26861.24056354351,-4709.977993124333,5549.157695142697,2261.386641221435,-4121.520332198836
26861.2417375554,-4719.442052459145,5026.231160010838,2569.808865890049,-4557.824416942282
26861.24290760648,-4678.485461417132,4451.443630338703,2849.758830686965,-4943.920656125746
26861.2440735599,-4587.718913040412,3831.183481039645,3098.305011943123,-5275.789069184418
26861.24523537185,-4448.28869491481,3172.26628043806,3312.88837561669,-5550.042799494728
26861.24639300124,-4261.862445749593,2481.89983858475,3491.325874413785,-5763.930448933388
26861.24754644571,-4030.603673035488,1767.582990413057,3631.838732863512,-5915.371045615005
26861.24869572503,-3757.145837065731,1037.030459746523,3733.065401542867,-6002.967302355416
26861.24984090045,-3444.554770428675,298.0747154614096,3794.074196515936,-6026.016056211429
26861.25098206716,-3096.29139448978,-441.4156492476759,3814.366885448335,-5984.505980792394
26861.25211933458,-2716.176585388391,-1173.607963241055,3793.879303794412,-5879.111513630408
26861.25325284468,-2308.341714217834,-1890.800638712245,3732.978655300756,-5711.179193307825
26861.25438279318,-1877.17231752202,-2585.516507461301,3632.451879090087,-5482.699988089186
26861.25550937273,-1427.279655515954,-3250.543541495268,3493.496151605246,-5196.290210961633
26861.25663282084,-963.4324603880081,-3879.03707879231,3317.698609392875,-4855.149191620331
26861.25775341657,-490.5056080991389,-4464.582490615267,3107.013026028949,-4463.016025428802
26861.25887146311,-13.43581754005452,-5001.244848678807,2863.737174853466,-4024.128667264895
26861.25998730046,462.8343120611444,-5483.628570708909,2590.482459324541,-3543.169744973667
26861.26110128921,933.3988034711746,-5906.916059084643,2290.147069757305,-3025.220018777691
26861.26221382325,1393.441404314381,-6266.91269118369,1965.880562479935,-2475.697587663027
26861.26332531667,1838.275567473396,-6560.073931442415,1621.053356315133,-1900.306639108956
26861.26443621923,2263.393555444884,-6783.534438356962,1259.216868193495,-1304.971148530982
26861.26554698922,2664.495658387708,-6935.119240613904,884.076316105495,-695.7904098133827
26861.26665809994,3037.530631993402,-7013.359406122547,499.4531715882815,-78.97770717712501
26861.26777003491,3378.728753974405,-7017.49852084561,109.2508696836327,539.1949480658755
26861.26888327929,3684.631320414147,-6947.49461678245,-282.5779781509556,1152.449254336568
26861.26999832561,3952.121546340982,-6804.01661387284,-672.0691128374233,1754.560016730431
26861.27111562893,4178.441405201052,-6588.443586770085,-1055.266370481375,2339.386675375808
26861.27223565716,4361.22906373053,-6302.847457897661,-1428.274563575435,2900.955619394118
26861.27335884448,4498.531017000067,-5949.984256818804,-1787.278375417395,3433.489555460834
26861.2744855752,4588.823746306827,-5533.283652736017,-2128.57319561292,3931.455601717507
26861.27561622428,4631.036874350689,-5056.811371510656,-2448.613128559517,4389.637802929828
26861.27675110026,4624.564688269023,-4525.260824728739,-2744.028977921926,4803.165066538587
26861.27789048638,4569.281309189334,-3943.901753196801,-3011.674920165136,5167.580127763911
26861.2790345838,4465.551917864932,-3318.56707733006,-3248.648874666497,5478.870744431852
26861.28018354767,4314.23932245104,-2655.589450411343,-3452.336176839306,5733.532634838816
26861.2813374688,4116.706881243409,-1961.756900658873,-3620.438186238904,5928.610483316955
26861.28249636274,3874.818659228475,-1244.259513813961,-3751.002822462125,6061.741057903241
26861.28366022283,3590.91930591724,-510.5888374017495,-3842.458718111307,6131.197172211859
26861.28482891687,3267.84318412996,231.4715768241067,-3893.631097940483,6135.912033286334
26861.28600227175,2908.876466771173,973.9792914339898,-3903.774023079356,6075.516775711891
26861.28718006844,2517.728375533981,1708.916259602763,-3872.58476094966,5950.354757029484
26861.28836203838,2098.497376792719,2428.275844126592,-3800.214495540738,5761.489632579485
26861.28954783556,1655.641747038797,3124.138597777798,-3687.277669500464,5510.712385872532
26861.29073705993,1193.926761721492,3788.782751820157,-3534.854221196285,5200.533482613585
26861.2919293106,718.3518566759835,4414.807816364219,-3344.476263104081,4834.148965874896
26861.29312412695,234.1169210791375,4995.192691884018,-3118.12246816998,4415.425485808983
26861.2943210288,-253.453109240039,5523.406586571426,-2858.194583026586,3948.85151204425
26861.29551951817,-738.9718082834401,5993.491811396655,-2567.491555238601,3439.487626379147
26861.29671909686,-1217.062578981908,6400.145434985366,-2249.174085297941,2892.901718730449
26861.29791922981,-1682.40892298314,6738.774626364854,-1906.738405955359,2315.12149375545
26861.29911941135,-2129.845164815193,7005.577075117811,-1543.957810577337,1712.533233812771
26861.30031914038,-2554.408535388472,7197.577132611386,-1164.843404875053,1091.815582208543
26861.30151794715,-2951.407737434953,7312.664555647419,-773.5873757264229,459.8453259252196
26861.30271535248,-3316.464603177606,7349.612886945563,-374.5256140356494,-176.3640599129217
26861.30391093651,-3645.587154807722,7308.096003971425,27.93684918515555,-809.78262329778
26861.3051042863,-3935.198057823462,7188.683219446084,429.3613057023632,-1433.419967418415
26861.30629503266,-4182.184694699827,6992.826770102651,825.3400615796164,-2040.426813281804
26861.30748285799,-4383.931368263332,6722.832392165176,1211.55021565248,-2624.17750633006
26861.30866747061,-4538.339315114469,6381.8282136716,1583.794375667589,-3178.331645783103
26861.30984859847,-4643.847627169698,5973.726599930133,1938.046446486983,-3696.903010194497
26861.31102603949,-4699.450846020279,5503.154967446945,2270.511300697241,-4174.347217456398
26861.31219961618,-4704.698670116666,4975.408554341338,2577.651345943018,-4605.599210654077
26861.31336918478,-4659.697277742588,4396.382224022951,2856.226922041886,-4986.130441528942
26861.31453467031,-4565.099214605099,3772.479014460616,3103.336814817764,-5312.003763172513
26861.31569598598,-4422.094873547999,3110.574686537191,3316.42866019135,-5579.886474416554
26861.3168531024,-4232.390473631804,2417.902180947965,3493.339516615329,-5787.102708078825
26861.31800603744,-3998.1811217781,1701.970976336911,3632.310874395781,-5931.648938359134
26861.31915481698,-3722.129003055477,970.5063646590515,3731.998210150836,-6012.202914188179
26861.32029950941,-3407.323763851664,231.3428898018519,3791.486209943275,-6028.13669051251
26861.32144019848,-3057.251273179175,-507.6442740952912,3810.291993271665,-5979.514609847978
26861.32257699774,-2675.749062643318,-1238.633562162559,3788.367630740068,-5867.087405912083
26861.32371006855,-2266.954474662513,-1953.951611277417,3726.094478011497,-5692.273241701709
26861.32483959197,-1835.266131401383,-2646.134778428588,3624.273971963603,-5457.136605115642
26861.32596577548,-1385.292937876556,-3308.009732833885,3484.114969119569,-5164.359651672034
26861.32708886488,-921.7985726774411,-3932.771709836438,3307.21456057207,-4817.203401911461
26861.32820913723,-449.6526267817109,-4514.045348791416,3095.536602369799,-4419.467125106121
26861.32932688984,26.21587736855929,-5045.938769104846,2851.389128739043,-3975.446632757971
26861.33044246305,500.8787548903871,-5523.107864001937,2577.391728751032,-3489.87552338094
26861.33155622649,969.452132628996,-5940.793927680684,2276.447034672013,-2967.875757321655
26861.33266858554,1427.146268701348,-6294.86360355039,1951.706231441416,-2414.898470050273
26861.33377995281,1869.298824098639,-6581.830957266313,1606.543410629836,-1836.680698323291
26861.33489077169,2291.427419534361,-6798.891011155604,1244.514266966325,-1239.176020930081
26861.33600151978,2689.269940572296,-6943.93514598062,869.3185451870859,-628.4930667564063
26861.33711266996,3058.80691583488,-7015.556198374279,484.7772402325018,-10.85851421325788
26861.33822470368,3396.301839130605,-7013.060159535275,94.79290798843482,607.4474192769785
26861.33933812352,3698.336043868443,-6936.465962529846,-296.6905559711672,1220.155063468989
26861.34045339677,3961.82221990774,-6786.505309348537,-685.7035269543514,1821.030356253932
26861.34157098873,4184.042891143536,-6564.617422405239,-1068.29789914064,2403.949545412096
26861.34269135773,4362.672945486423,-6272.935696360832,-1440.580601076078,2962.951236791415
26861.34381494486,4495.799076217282,-5914.27201705554,-1798.74488951655,3492.284664066748
26861.34494213522,4581.936448963051,-5492.110244336452,-2139.093215337288,3986.445578910611
26861.34607328828,4620.052485703577,-5010.574349616366,-2458.082763999083,4440.245362424873
26861.34720870074,4609.581145102648,-4474.413789653268,-2752.35020977297,4848.849022341956
26861.34834864668,4550.436877617385,-3888.95066434187,-3018.757931572487,5207.843078671835
26861.34949333118,4443.023867059658,-3260.059513325344,-3254.416158395348,5513.26879138915
26861.35064288447,4288.245866128067,-2594.125970108754,-3456.717881113056,5761.673332129964
26861.35179739805,4087.503929323093,-1897.97203241799,-3623.378910228882,5950.165460926029
26861.35295689746,3842.694871073827,-1178.809363341767,-3752.462758991255,6076.450151139898
26861.35412133321,3556.205457590567,-444.1775733331233,-3842.409202365044,6138.867384449041
26861.35529059471,3230.895469490354,298.1389052350728,-3892.062262939162,6136.427664985479
26861.35646450223,2870.078871057966,1040.186764068656,-3900.691923315383,6068.83832430611
26861.35764281873,2477.493121029504,1773.937789025197,-3868.012494592444,5936.522506534525
26861.35882526197,2057.260390824113,2491.38668515587,-3794.193881040717,5740.626409288135
26861.36001150121,1613.847545208593,3184.641438267166,-3679.867165095389,5483.018281010552
26861.36120113162,1152.030114884654,3846.003414199366,-3526.128933458309,5166.286504281812
26861.36239373587,676.8175201675151,4468.097457182307,-3334.529574788705,4793.706694915521
26861.36358884855,193.4099000055134,5043.943302341922,-3107.064436868553,4369.219735944034
26861.36478598462,-292.8731224392455,5567.059086599082,-2846.151026210057,3897.38408111756
26861.36598465974,-776.6635513698444,6031.550524379901,-2554.598163968821,3383.316815567764
26861.36718434433,-1252.590608199882,6432.167432467107,-2235.585872185638,2832.655308468973
26861.36838454736,-1715.378847889736,6764.401068513884,-1892.608113125452,2251.455352938657
26861.36958473655,-2159.880509046307,7024.514077467225,-1529.452737144905,1646.155774204487
26861.37078440444,-2581.163956032916,7209.608416867928,-1150.138553871404,1023.470745595085
26861.37198309436,-2974.580070902437,7317.656994881935,-758.8570489666777,390.2934558999009
26861.37318033991,-3335.795450388813,7347.515195984893,-359.9408270338936,-246.3555856686594
26861.37437570312,-3660.856588288246,7298.938338507302,42.20023884319579,-879.4321865450897
26861.375568794,-3946.238887643971,7172.576278458177,443.1384604183219,-1501.962609057136
26861.37675925483,-4188.879378153139,6969.957077003358,838.4752815987323,-2107.116646249745
26861.37794672688,-4386.203993051322,6693.471324760874,1223.881589731559,-2688.270238790423
26861.37913095621,-4536.171580325014,6346.313687125629,1595.181775972577,-3239.132794144187
26861.38031168588,-4637.271881151539,5932.459047966538,1948.364998810319,-3753.762766191446
26861.38148868295,-4688.546230555881,5456.60930633209,2279.639410247823,-4226.648176231272
26861.38266179886,-4689.594480617795,4924.106742208069,2585.489649575165,-4652.788575370278
26861.38383089051,-4640.568578623192,4340.896555575755,2862.69084643436,-5027.713421024275
26861.38499587973,-4542.165246875857,3713.427799980134,3108.356842016536,-5347.547883839082
26861.38615670766,-4395.612899111688,3048.597640312237,3319.956996208311,-5609.033589007595
26861.38731332994,-4202.656468539732,2353.676365924643,3495.341607695708,-5809.560857985281
26861.38846576574,-3965.525401567715,1636.194765080176,3632.769490981638,-5947.200115783027
26861.38961404966,-3686.910660977274,903.8868935364785,3730.914243892018,-6020.705632131734
26861.39075824126,-3369.930758110471,164.5992796049632,3788.877091195598,-6029.525901277073
26861.39189844483,-3018.08793211419,-573.8077584657904,3806.192902280894,-5973.802241869253
26861.39303478052,-2635.234204972271,-1303.52615768841,3782.828914320422,-5854.359436404297
26861.39416740634,-2225.520093548806,-2016.896826371486,3719.181038094881,-5672.689025378747
26861.39529650247,-1793.352291798453,-2706.479168691318,3616.064940853968,-5430.92731722559
26861.39642229004,-1343.337299407262,-3365.138254133765,3474.701045559881,-5131.82168888907
26861.39754501369,-880.2372565330836,-3986.104585428278,3296.697911541326,-4778.697359061016
26861.39866495511,-408.9134511600174,-4563.046906512742,3084.0288828718,-4375.411943071998
26861.39978241884,65.71891363957617,-5090.123262353998,2839.009261642163,-3926.313257811493
26861.40089774762,538.7474683496362,-5562.040830015048,2564.265239010628,-3436.182996487795
26861.40201131277,1005.307552523765,-5974.095457519326,2262.704888787632,-2910.185944560626
26861.40312351866,1460.630982377671,-6322.210584684552,1937.484324442816,-2353.811551930346
26861.4042347801,1900.081524012928,-6602.960914954351,1591.980441007493,-1772.827677940837
26861.40534555799,2319.211365347242,-6813.606158631821,1229.745232695808,-1173.203894361817
26861.40645631331,2713.782164810812,-6952.096112893597,854.484506379202,-561.0768020517507
26861.40756752289,3079.808543708707,-7017.087936466673,470.0177210364948,57.31604123109264
26861.40867967386,3413.590131515293,-7007.951214233847,80.24402200923618,675.6909663296035
26861.40979325006,3711.739048895631,-6924.769298089505,-310.8886022974079,1287.767655605702
26861.41090874649,3971.212744797589,-6768.334658536788,-699.423763380079,1887.333180254775
26861.41202662409,4189.329701884114,-6540.146415861095,-1081.416131361852,2468.272941008177
26861.41314732681,4363.800510782124,-6242.400271170878,-1452.97295384112,3024.635799909366
26861.41427128578,4492.75053871527,-5877.970108545843,-1810.29066318429,3550.690452726872
26861.41539889966,4574.736602180929,-5450.391785747684,-2149.683324151621,4040.969082920165
26861.41653051584,4608.764841873172,-4963.846807865408,-2467.612535122334,4490.313312581024
26861.41766642911,4594.308993380834,-4423.135840929133,-2760.723607322372,4893.928962934679
26861.4188068999,4531.323331518651,-3833.634523550949,-3025.88575179341,5247.445140523198
26861.41995212288,4420.25235993592,-3201.266360393173,-3260.218734328989,5546.953772176782
26861.42110224548,4262.035636868507,-2532.445319929362,-3461.131287282463,5789.064323095765
26861.42225733963,4058.112183977728,-1834.036901710929,-3626.34846464972,5970.943053225525
26861.42341741073,3810.417259202472,-1113.292107253468,-3753.945729728292,6090.359826769025
26861.42458241138,3521.369902586725,-377.7699116705439,-3842.37900856231,6145.72714684308
26861.42575221946,3193.862289665315,364.7246547909215,-3890.507889710751,6136.130068229395
26861.42692666058,2831.232743671321,1106.235917611375,-3897.619196575997,6061.352784547025
26861.42810548451,2437.244668471924,1838.729376483167,-3863.443872138171,5921.897275584871
26861.42928838785,2016.04573836275,2554.197223561054,-3788.170437825139,5718.992550869589
26861.43047503697,1572.117912979843,3244.76526889415,-3672.448699562061,5454.588164198601
26861.43166504249,1110.239349161136,3902.771263933851,-3517.390780545448,5131.346752134348
26861.43285796835,635.4297469972933,4520.865093629556,-3324.565609889613,4752.623573683562
26861.43405335047,152.886539558302,5092.111008089805,-3095.984040934026,4322.430855128574
26861.4352506955,-332.0750447795613,5610.074682567783,-2834.079745730556,3845.397133219718
26861.43644952279,-814.1017581671575,6068.921858356471,-2541.673897673377,3326.699411740716
26861.43764930703,-1287.843177248149,6463.468007010799,-2221.95664729547,2772.027702700996
26861.43884952803,-1748.036495436318,6789.266042052341,-1878.43977272587,2187.499237909541
26861.44004967381,-2189.571232908445,7042.661001330354,-1514.913541429296,1579.583197632785
26861.44124926185,-2607.558007287247,7220.836506591142,-1135.394180814839,955.0114326080402
26861.44244781177,-2997.376426439296,7321.84065227644,-744.0836144387945,320.7110807279037
26861.44364485926,-3354.735257523479,7344.611695315109,-345.3149366103867,-316.2854974475031
26861.44483997849,-3675.728819572471,7288.98727837438,56.50720533139082,-948.9369701362966
26861.44603277017,-3956.876786279034,7155.699209529676,456.9553968681965,-1570.270370901395
26861.44722288493,-4195.167154951348,6946.355077613081,851.6394457364402,-2173.474715314939
26861.44840999682,-4388.080898456535,6663.414378960932,1236.248416187676,-2751.965411732758
26861.4495938203,-4533.620807561826,6310.150630979125,1606.605536485902,-3299.467498942159
26861.45077410582,-4630.328600083705,5890.606474417995,1958.713614024635,-3810.082951525569
26861.45195065978,-4677.296904803643,5409.531379576181,2288.804531008971,-4278.362413483042
26861.45312330822,-4674.170828241473,4872.333164096197,2593.368821168224,-4699.346861341361
26861.45429192144,-4621.148148407311,4285.001476586022,2869.199754244691,-5068.629019045781
26861.45545641152,-4518.969789381294,3654.034115618867,3113.424602982681,-5382.394692439959
26861.45661673506,-4368.903986833871,2986.356574474159,3323.532534811338,-5637.457904713947
26861.45777285429,-4172.731957807971,2289.263811791392,3497.39149462102,-5831.281126187678
26861.45892479086,-3932.716112667873,1570.305797480113,3633.277233589501,-5962.008123059761
26861.46007258325,-3651.576217824721,837.2272125226868,3729.88044078318,-6028.468354263781
26861.46121628211,-3332.459044474595,97.88570147617884,3786.3186795266,-6030.186430534105
26861.46235601278,-2978.88231802017,-639.8744357683461,3802.144281883932,-5967.379780972997
26861.46349190592,-2594.710536784988,-1368.261769677728,3777.33918570283,-5840.945827072675
26861.46462409267,-2184.115390164658,-2079.617181481935,3712.314929796978,-5652.452570586855
26861.46575277821,-1751.502178368732,-2766.540153466784,3607.900355704041,-5404.103957576833
26861.46687817795,-1301.482069923324,-3421.922956482283,3465.329292898231,-5098.716160334013
26861.46800054709,-838.8108977102721,-4039.039029048864,3286.22077921621,-4739.675454609036
26861.46912017338,-368.3406927458284,-4611.602213326144,3072.557241829639,-4330.89628323138
26861.4702373615,105.0244071261321,-5133.817248794178,2826.662705908721,-3876.780369295325
26861.47135246577,576.3919293295695,-5600.447091202182,2551.167977339305,-3382.153033009057
26861.47246586024,1040.916999129831,-6006.841949926456,2248.985943954685,-2852.220172008082
26861.47357794349,1493.851042377326,-6348.979845692935,1923.278769823969,-2292.510926649568
26861.47468915518,1930.592750131725,-6623.500854331981,1577.418858028649,-1708.811155483095
26861.47579993719,2346.714137831064,-6827.719005401356,1214.965695100016,-1107.124865562307
26861.47691075051,2738.007153098543,-6959.646412046474,839.6260290062728,-493.6076232275577
26861.47802206269,3100.516047769494,-7018.003233844945,455.2223235573139,125.485164504707
26861.47913437995,3430.581080037071,-7002.22345198905,65.64574535811846,743.8740984190786
26861.48024817973,3724.84783655188,-6912.452391919169,-325.1559546877407,1355.275084206628
26861.48136393455,3980.305766472334,-6749.548184996893,-713.2219755846585,1953.469128438149
26861.48248212328,4194.316659521724,-6515.070413089261,-1094.617769585567,2532.363851840251
26861.48360318755,4364.629579244586,-6211.274998269118,-1465.455144916642,3086.025185905226
26861.48472754637,4489.408007233998,-5841.097801482414,-1821.93293208431,3608.740445809137
26861.4858555878,4567.248877589041,-5408.135965756229,-2160.369598077341,4095.068306336422
26861.48698766307,4597.1999746305,-4916.624430386813,-2477.236749350569,4539.88960329626
26861.48812406669,4578.775431048751,-4371.414671958957,-2769.189167836792,4938.452880491917
26861.48926505283,4511.969230712457,-3777.931960089779,-3033.104891218274,5286.433310696954
26861.4904108099,4397.265136953787,-3142.145553235995,-3266.113742581174,5579.974785459302
26861.49156147155,4235.642227896466,-2470.515017492297,-3465.634516055564,5815.742866723866
26861.49271711424,4028.575232435982,-1769.935475941785,-3629.406788315932,5990.969026859158
26861.49387773539,3778.034582536114,-1047.688643319656,-3755.519085013912,6103.48976813307
26861.49504327397,3486.473928709557,-311.3613854310129,-3842.441258291526,6151.788452790581
26861.49621360011,3156.81650147363,431.2240712424691,-3889.04884890896,6135.025755025648
26861.49738854622,2792.423789174281,1172.11178476786,-3894.645372655515,6053.062865288928
26861.49856784973,2397.084020854024,1903.262705890766,-3858.978124699434,5906.480584782549
26861.49975121479,1974.958982676918,2616.684696462071,-3782.251584519706,5696.58481602621
26861.50093827143,1530.556227081594,3304.50130490727,-3665.134917294218,5425.410113309062
26861.50212863494,1068.660408641535,3959.081791828399,-3508.757557914847,5095.696672818283
26861.50332185826,594.2983065845272,4573.107189130393,-3314.706886427465,4710.878466758359
26861.50451749182,112.6587828240687,5139.693843156053,-3085.006989993292,4275.034121739202
26861.5057150331,-370.947559208873,5652.454464788725,-2822.107294121883,3792.861167406006
26861.5069139916,-851.1771675514061,6105.609667937755,-2528.844353675896,3269.601250666442
26861.50811383189,-1322.694877684042,6494.037959876176,-2208.422995493191,2711.00373059143
26861.50931405048,-1780.268998277277,6813.369343835265,-1864.360557765277,2123.225044936196
26861.51051414618,-2218.822115142547,7060.025457444708,-1500.451461837113,1512.767038291498
26861.51171362468,-2633.493897335644,7231.264704001633,-1120.720816361979,886.397167905578
26861.51291199415,-3019.698245088544,7325.215674126729,-729.3778153258347,251.0698007995748
26861.51410882058,-3373.195066027708,7340.901078151096,-330.7468105958524,-386.1869201954119
26861.51530366192,-3690.117906005713,7278.239713481849,70.76333979585598,-1018.320507815748
26861.51649614434,-3967.039373012023,7138.04230510983,470.737033083796,-1638.377894560016
26861.517685892,-4200.989636273217,6921.998617399837,864.7805938541446,-2239.549888227617
26861.51887260686,-4389.504963668817,6632.639977181045,1248.599733436474,-2815.290332563904
26861.52005599131,-4530.636135987863,6273.315191330867,1618.023042744312,-3359.350920850702
26861.52123582385,-4622.977501622892,5848.125551757837,1969.072825987182,-3865.886366658533
26861.52241187783,-4665.668435018768,5361.895246549039,2297.983754419075,-4329.480806604914
26861.5235840126,-4658.403836986167,4820.075857317496,2601.269868266741,-4745.243033714843
26861.52475211316,-4601.425552987085,4228.698319735165,2875.742282601851,-5108.829052092882
26861.52591608888,-4495.516156361475,3594.302926299983,3118.542258695276,-5416.486363561405
26861.52707588406,-4341.985130909409,2923.857217155513,3327.172486610421,-5665.093859741295
26861.52823148468,-4142.647301690141,2224.670147449226,3499.521579710775,-5852.190390652728
26861.52938289144,-3899.80201017522,1504.324373938831,3633.879012608402,-5975.990332244185
26861.53053016144,-3616.195042918943,770.565344581948,3728.955029104776,-6035.401617715835
26861.53167337396,-3294.989744540772,31.23629193248826,3783.884741885888,-6030.02427726107
26861.53281261586,-2939.734725067106,-705.7970808457305,3798.234240930459,-5960.150847910098
26861.53394803083,-2554.307465906523,-1432.762789550065,3772.002431624797,-5826.754781016234
26861.53507978785,-2142.87739566788,-2142.043848047152,3705.613741011853,-5631.471142193187
26861.5362080617,-1709.866801252447,-2826.245208263273,3599.911589114209,-5376.577779327984
26861.53733309484,-1259.878321240432,-3478.306442818935,3456.139645012982,-5064.951190117322
26861.53845512768,-797.6709049378882,-4091.528943261384,3275.929795034182,-4700.0438296308
26861.53957445061,-328.0886812790984,-4659.670726509738,3061.274706710869,-4285.828277973595
26861.54069138058,143.9805319479737,-5176.989863944086,2814.505016555403,-3826.75522616402
26861.54180627064,613.658896109427,-5638.299576255653,2538.25918764714,-3327.698262448084
26861.54291949957,1076.122361622033,-6039.006529361998,2235.455070909829,-2793.903468418911
26861.54403147057,1526.646480955478,-6375.147459026799,1909.258194482537,-2230.933980246767
26861.54514261903,1960.653532613969,-6643.420727855137,1563.04562410282,-1644.608100363782
26861.54625339723,2373.747665564407,-6841.20402033758,1200.375662425702,-1040.948458785813
26861.54736426277,2761.749968292097,-6966.570724509485,824.9568786339563,-426.1302550672049
26861.54847569367,3120.740644961935,-7018.304184265821,440.6077128243579,193.5852827598169
26861.54958819101,3447.092046062559,-6995.899647426769,51.21954516719211,811.9103633325133
26861.55070222871,3737.48439606119,-6899.564745775242,-339.2611203069376,1422.559427631834
26861.55181828607,3988.945541146204,-6730.21810506225,-726.8792598341977,2019.323640204253
26861.55293682173,4198.870809912559,-6489.483312568457,-1107.697666339915,2596.112463895915
26861.55405828592,4365.0502080653,-6179.674703666315,-1477.836459308473,3147.015209455107
26861.55518309621,4485.68605722821,-5803.785746226229,-1833.500076081982,3666.342945671977
26861.55631162093,4559.413336585063,-5365.476330282374,-2171.008012856634,4148.676251025274
26861.55744421201,4585.320711763437,-4869.035324224487,-2486.840606066103,4588.933788243461
26861.55858115603,4562.962590617615,-4319.368402120022,-2777.659909221604,4982.404370699041
26861.55972270921,4492.372455143985,-3721.946416881776,-3040.354769804316,5324.812567659846
26861.56086904048,4374.074304501956,-3082.791399910418,-3272.06205747045,5612.351069063272
26861.56202027927,4209.086080762644,-2408.403368989235,-3470.212743089801,5841.74507830266
26861.56317649552,3998.920019664119,-1705.713534237799,-3632.559230422046,6010.290151525014
26861.56433769164,3745.579486652304,-982.0263195685447,-3757.205081550634,6115.892390143073
26861.56550379499,3451.551609607966,-244.9547500436388,-3842.633721676444,6157.106118911402
26861.56667467618,3119.787448125372,497.6673650653909,-3887.736141599476,6133.166934530378
26861.56785012391,2753.68668463746,1237.852236015324,-3891.831719874959,6044.016446460018
26861.569029906,2357.049975583461,1967.584159008622,-3854.685888707167,5890.31427980529
26861.57021370639,1934.06248218121,2678.870930053307,-3776.520770578063,5673.44846336798
26861.57140116271,1489.241049036896,3363.861546904469,-3658.022078321733,5395.53124214424
26861.57259188414,1027.3793712199,4014.950488588243,-3500.3359725664,5059.380542472373
26861.57378542283,553.5061883630093,4624.855074855659,-3305.065447193982,4668.504128811376
26861.57498131457,72.81268547096138,5186.728973953032,-3074.252027185333,4227.055583164263
26861.57617905422,-409.3983206568705,5694.236667092371,-2810.360112305349,3739.799527294152
26861.57737813803,-887.7922887104385,6141.653776357987,-2516.242665907851,3212.043662317802
26861.57857804886,-1357.061098534859,6523.93198956244,-2195.111616198611,2649.582887069473
26861.57977828221,-1811.997213417046,6836.770880356868,-1850.493756236413,2058.619330491159
26861.58097830928,-2247.542666044359,7076.661626836901,-1486.199500607367,1445.706532180547
26861.58217764667,-2658.876091400417,7240.946688446612,-1106.25694116095,817.6361068072342
26861.58337582849,-3041.458510632004,7327.839342594947,-714.870361659345,181.3686583065528
26861.58457240521,-3391.086234688403,7336.442684065326,-316.3702257049584,-456.0488711872092
26861.58576695062,-3703.942001179623,7266.757944366155,84.84095638560177,-1087.571060325348
26861.58695908766,-3976.644048837939,7119.676575230482,484.3497461334199,-1706.250917774498
26861.58814845697,-4206.274239062926,6896.964519448567,877.773226315235,-2305.304374464798
26861.58933474473,-4390.415015237423,6601.231758637134,1260.819145215715,-2878.202706434499
26861.59051768022,-4527.170902095532,6235.892220738246,1629.333787129473,-3418.744096233219
26861.5916970357,-4615.184014012926,5805.114996015024,1979.347949696464,-3921.121025317873
26861.59287260567,-4653.642671583114,5313.776891211341,2307.114204685015,-4379.973912572414
26861.59404424832,-4642.286785932992,4767.383375195041,2609.158667911445,-4790.463753805349
26861.59521182241,-4581.403891043915,4172.027227833547,2882.300240205547,-5148.297747399894
26861.59637526153,-4471.819000607627,3534.279601660633,3123.701713964137,-5449.796890674017
26861.59753452499,-4314.87903343555,2861.133763720876,3330.884236388503,-5691.911951088337
26861.59868956801,-4112.43995009815,2159.943908876542,3501.747751296993,-5872.248310479827
26861.59984045065,-3866.822847189967,1438.275598205986,3634.606605624046,-5989.103321825818
26861.60098719629,-3580.807864302476,703.9060591741213,3728.182353349668,-6041.455038830232
26861.6021298872,-3257.58270544357,-35.31962339785468,3781.627321046492,-6028.981007179865
26861.6032686432,-2900.706005732457,-771.5612420755442,3794.524313741323,-5952.048277579264
26861.60440359074,-2514.075114776685,-1497.047165374074,3766.886210468336,-5811.70440010788
26861.60553490334,-2101.868693695828,-2204.182026806723,3699.151878648315,-5609.656663406526
26861.60666276615,-1668.511155966178,-2885.602658766007,3592.17744431733,-5348.250727043443
26861.60778741517,-1218.608945791916,-3534.276605894348,3447.219631676901,-5030.430891279781
26861.60890910833,-756.9107808444681,-4143.552910572326,3265.919226529186,-4659.706857056529
26861.61002813315,-288.2542742071195,-4707.230350578406,3050.278892368466,-4240.109110204071
26861.61114481997,182.4900690856918,-5219.620233238446,2802.634818110323,-3776.135133568405
26861.61225950106,650.4511580775318,-5675.577577607306,2525.637476775239,-3272.714354523749
26861.6133725723,1110.831266076634,-6070.571443711131,2222.206910478033,-2735.127140236756
26861.61448443385,1558.927148189187,-6400.694998030995,1895.514218271654,-2168.973664812417
26861.61559553174,1990.190706526838,-6662.709072165128,1548.936725647945,-1580.096229150534
26861.61670629998,2400.247347861011,-6854.049063656481,1186.040830948145,-974.550677541793
26861.61781722054,2784.957830117808,-6972.855437775124,810.5282737632051,-358.5161834276323
26861.61892877713,3140.436041638104,-7017.972828544381,426.215144787643,261.7384656371282
26861.62004144544,3463.080387642248,-6988.958229000962,37.00043422657598,879.9065327592398
26861.6211557175,3749.612440067891,-6886.082182864973,-353.1778463083145,1489.713937440631
26861.62227205796,3997.093420463675,-6710.326781521695,-740.3627979474934,2084.951498461238
26861.62339095317,4202.962045664462,-6463.370793172956,-1120.630861766563,2659.556751824577
26861.62451283173,4365.041630775427,-6147.590376975925,-1490.099557981742,3207.626762312127
26861.62563809023,4481.571402390202,-5766.043445150504,-1844.972617158376,3723.488506508257
26861.6267671284,4551.228716817312,-5322.433975791719,-2181.586193088275,4201.768282239787
26861.62790026842,4573.138731683912,-4821.113542777978,-2496.419100098949,4637.408617710961
26861.62903779894,4546.895071378868,-4267.036226015454,-2786.142667822456,5025.742216789928
26861.63017996092,4472.570182910305,-3665.725881389168,-3047.65156003712,5362.537121574864
26861.63132691773,4350.726754715889,-3023.249379926327,-3278.092375874479,5644.039118719673
26861.63247878686,4182.421236289684,-2346.150502505589,-3474.905861461909,5867.030562293447
26861.63363563129,3969.202769418366,-1641.396331554481,-3635.856612670973,6028.870854350917
26861.63479743488,3713.112564340574,-916.3284102463804,-3759.060543285171,6127.533969431823
26861.63596413366,3416.667510142903,-178.5732595559662,-3843.017636623134,6161.648883678471
26861.63713557735,3082.852492985538,564.010696467094,-3886.633726533781,6130.527361240427
26861.63831157361,2715.086412269523,1303.443977535693,-3889.245296725752,6034.188686524429
26861.63949185955,2317.200177816539,2031.695934288461,-3850.634459790261,5873.374209331594
26861.64067611781,1893.396471141442,2740.786749035455,-3771.041445802653,5649.553502211153
26861.64186399674,1448.20001753613,3422.893053548276,-3651.168237011017,5364.915815606588
26861.64305508518,986.4188130100106,4070.427343281631,-3492.179720986495,5022.361086369478
26861.64424893571,513.083065495828,4676.145760561085,-3295.69551596089,4625.472120501084
26861.64544508196,33.38087808005267,5233.247206981525,-3063.773035382393,4178.473894514459
26861.64664301767,-447.3939765217397,5735.44940075049,-2798.891199492678,3686.196992702743
26861.6478422484,-923.9255511346527,6177.091431343501,-2503.913363815975,3154.004141022155
26861.64904224724,-1390.92187218708,6553.186728423861,-2182.064720306525,2587.746619526982
26861.65024249851,-1843.196314317351,6859.503384103727,-1836.88483847251,1993.67713608821
26861.65144248211,-2275.724386578183,7092.611498326121,-1472.1895423889,1378.382103896735
26861.65264172351,-2683.722038150583,7249.93354771236,-1092.009689109886,748.6765247789695
26861.65383973442,-3062.681196536698,7329.761886059408,-700.5603321154239,111.5519507837389
26861.65503608883,-3408.447734034806,7331.284634603359,-302.1657404259397,-525.9473388510969
26861.65623036688,-3717.250174961699,7254.584121089999,98.77457332567843,-1156.778815622297
26861.65742217589,-3985.749552033893,7100.634247441832,497.844870073154,-1773.996106539538
26861.65861117492,-4211.080596432271,6871.278440804298,890.6734257969756,-2370.842697959048
26861.65979706339,-4390.876625922734,6569.198606388786,1272.979157745323,-2940.822621743391
26861.66097957885,-4523.291246848081,6197.8759401058,1640.619285715011,-3477.771671490102
26861.66215847492,-4607.013078604692,5761.551757604946,1989.628933917802,-3975.915720142489
26861.66333356789,-4641.280084946839,5265.156281548278,2316.278816915842,-4429.953535134553
26861.66450470994,-4625.878121053453,4714.252180282714,2617.106177164796,-4835.098813158656
26861.6656717831,-4561.1381323337,4114.969002073181,2888.949439479727,-5187.126881720816
26861.6668347092,-4447.926729278599,3473.924357958517,3128.982889452671,-5482.419578305755
26861.6679934465,-4287.630359547676,2798.146459935853,3334.743183673165,-5717.997213919663
26861.66914797961,-4082.135952635875,2094.998303302652,3504.150844356381,-5891.542704545743
26861.67029835247,-3833.79842616719,1372.07326711168,3635.533122882984,-6001.423889424595
26861.67144458115,-3545.42850618562,637.1644107700531,3727.627702396035,-6046.695376624071
26861.67258677659,-3220.230696664963,-101.8985413152777,3779.605374093893,-6027.11233949469
26861.67372503517,-2861.78997115587,-837.2650955593181,3791.063886112138,-5943.118567813134
26861.67485952118,-2474.006670848679,-1561.200371500442,3762.031682731764,-5795.833559977292
26861.67599038771,-2061.076277718479,-2266.115422569655,3692.962118989863,-5587.039081298827
26861.67711784327,-1627.420111628229,-2944.687917988698,3584.723278787545,-5319.146065134289
26861.67824212409,-1177.644939146388,-3589.917486418292,3438.58338841848,-4995.163516164607
26861.67936349098,-716.4944885399299,-4195.192520365784,3256.193516496204,-4618.661436877462
26861.68048222923,-248.7992772483149,-4754.353736570351,3039.566451405772,-4193.728048139496
26861.68159867703,220.5855467455911,-5261.764034975417,2791.045382677765,-3724.909765155985
26861.68271317512,686.8083606728298,-5712.333198440015,2513.285725923481,-3217.178490129695
26861.68382610683,1145.085587375307,-6101.579918437177,2209.216546629332,-2675.860994073675
26861.68493788732,1590.742769806364,-6425.660206287734,1882.009613028637,-2106.585178179603
26861.68604894433,2019.250189338424,-6681.389857989488,1535.051309624816,-1515.23172255485
26861.68715972758,2426.267858275127,-6866.270459502392,1171.905771464057,-907.8711579580154
26861.68827071762,2807.686539540296,-6978.504591804376,796.2763555039107,-290.6997647771359
26861.68938238965,3159.650170509899,-7017.00011736965,411.982271674073,329.9987419321494
26861.6904952397,3478.597908868345,-6981.377894954434,22.91453083442588,947.9251382905677
26861.69160974899,3761.283450797116,-6871.97055015844,-366.9870318942936,1556.801629759841
26861.69272638964,4004.806394393467,-6689.820755334958,-753.7709333078378,2150.431463220124
26861.69384563706,4206.640370011117,-6436.669109624775,-1133.513506346099,2722.760743390325
26861.69496793257,4364.648712107893,-6114.947114673777,-1502.341023245268,3267.913202610721
26861.69609367491,4477.10785295629,-5727.766657875187,-1856.462762068577,3780.242000828727
26861.69722324653,4542.730826774558,-5278.890639131884,-2192.215121785294,4254.396549463834
26861.69835695821,4560.680880277523,-4772.72730743984,-2506.080580232037,4685.3523958252
26861.69949508999,4530.590559309856,-4214.284071402218,-2794.736448815352,5068.483080229294
26861.70063787056,4452.571702713248,-3609.137010426113,-3055.08403467058,5399.60282246392
26861.70178548533,4327.222347495084,-2963.381961150016,-3284.284909026938,5675.017959066022
26861.70293802217,4155.637429699687,-2283.614969538598,-3479.784556819902,5891.562319936125
26861.70409552984,3939.403634653109,-1576.842936686721,-3639.35815081871,6046.658107039559
26861.70525797426,3680.599908794146,-850.4440314881081,-3761.134048929741,6138.348130548628
26861.70642526875,3381.781239780795,-112.0778097240423,-3843.627100151008,6165.336575623981
26861.70759728604,3045.95579984953,630.4010183729997,-3885.762180031797,6127.014593426642
26861.70877382002,2676.570930097469,1369.001555210662,-3886.892154602799,6023.480813790791
26861.70995460189,2277.480241876019,2095.695043821034,-3846.816839415315,5855.557806090492
26861.71113930433,1852.906359599634,2802.509770312231,-3765.794949963434,5624.797751958848
26861.71232758208,1407.383256377886,3481.648879090025,-3644.545761491061,5333.468306863369
26861.71351900918,945.7309214746533,4125.547669773225,-3484.253071399377,4984.550746562544
26861.71471315387,472.9744917646676,4727.009917821528,-3286.550793816888,4581.697342969283
26861.71590952531,-5.692672296390072,5279.269452915672,-3053.516030732587,4129.211351123584
26861.71710764934,-484.9995193297136,5776.112631568394,-2787.635498328753,3631.975540344597
26861.71830699514,-959.6308200373824,6211.923993279883,-2491.793329957079,3095.425926660472
26861.71950705962,-1424.32459297818,6581.79299511166,-2169.220434425398,2525.455108664802
26861.72070732494,-1873.918652073102,6881.557631033982,-1823.466070335832,1928.360203302109
26861.72190728913,-2303.42473875602,7107.865760853935,-1458.347814627648,1310.753586695853
26861.7231064532,-2708.083657153561,7258.212026794891,-1077.909335021094,679.4896114881303
26861.72430433162,-3083.42645095069,7330.970465462178,-686.3686869153807,41.57673314182148
26861.72550049288,-3425.338981750459,7325.411657476319,-288.0537157599344,-595.9288256822481
26861.7266945253,-3730.09683425352,7241.700963186233,112.6392197440799,-1225.989329937351
26861.72788605166,-3994.411074179048,7080.8913969919,511.3021774898388,-1841.676103819259
26861.72907472913,-4215.463173046338,6844.903901977227,903.5673537638169,-2436.249941924528
26861.73026026477,-4390.93590847412,6536.493188726158,1285.162530921646,-3003.24540351897
26861.73144238522,-4519.030205351384,6159.214655871748,1651.949659055972,-3536.52822388204
26861.73262086106,-4598.48533650166,5717.371088415785,1999.979053045045,-4030.374816105026
26861.73379550382,-4628.586556773201,5215.955384950333,2325.531379923722,-4479.531611013532
26861.73496617759,-4609.16628445766,4660.580027464661,2625.159886810284,-4879.27283998672
26861.73613276847,-4540.599250463736,4057.420385779425,2895.717644609746,-5225.436280903745
26861.73729520816,-4423.79255525361,3413.129413772966,3134.39550654008,-5514.472004833464
26861.73845345096,-4260.171414534654,2734.770788786944,3338.744398349289,-5743.468653902474
26861.73960748686,-4051.657558261919,2029.730358325415,3506.701708247069,-5910.183111668979
26861.74075734079,-3800.642424018313,1305.631788636631,3636.609233605643,-6013.057214034124
26861.74190308577,-3509.951906647707,570.2422608575262,3727.227151199089,-6051.226600590989
26861.74304480236,-3182.820512716062,-168.5872129630338,3777.738783455917,-6024.519815695838
26861.74418260765,-2822.846288274152,-903.0249316574657,3787.758359532283,-5933.455847380178
26861.74531665497,-2433.947360776358,-1625.341818127104,3757.329148134169,-5779.229073338154
26861.74644711096,-2020.324564315771,-2327.977624742009,3686.918702644818,-5563.692034253315
26861.7475741867,-1586.403298740172,-3003.638263973331,3577.408168562079,-5289.324099948416
26861.74869811637,-1136.791769616523,-3645.355265484856,3430.078556492022,-4959.200753628307
26861.74981917321,-676.2247993011925,-4246.562916030703,3246.590601776995,-4576.949964102718
26861.7509376579,-209.518134830851,-4801.15288215085,3028.963695487913,-4146.710315196429
26861.75205389084,258.4779778004474,-5303.526787807705,2779.552783321441,-3673.086134454457
26861.75316822133,722.9315768097014,-5748.650803720496,2501.01908596164,-3161.092375017141
26861.75428104346,1179.083092937894,-6132.102605477425,2196.294861291943,-2616.09101586512
26861.7553927573,1622.274749240077,-6450.091098181352,1868.560922910529,-2043.751879765802
26861.75650381379,2048.011708901422,-6699.498505907262,1521.200440907357,-1449.972098819995
26861.75761464607,2451.975772080673,-6877.883681232845,1157.785084433335,-840.8531190028357
26861.75872574766,2830.09286654662,-6983.513696876507,782.0153972095526,-222.6001234326391
26861.75983759373,3178.538897728086,-7015.358263400412,397.7108477761952,398.4934228815059
26861.76095066389,3493.782117544106,-6973.101241156701,8.76758750354918,1016.11554486231
26861.76206545634,3772.616626430895,-6857.137670528168,-380.8819494565149,1624.000451141945
26861.76318243615,4012.176414540771,-6668.572088758528,-767.2862043111736,2215.956139804951
26861.76430206815,4209.970577088563,-6409.208182669248,-1146.521159637694,2785.938054858471
26861.76542478898,4363.900743016283,-6081.539331746118,-1514.715928950884,3328.089063577318
26861.76655101028,4472.283934486461,-5688.731269132818,-1868.089201964694,3836.795675740782
26861.76768108319,4533.86986497925,-5234.613796216433,-2202.97400548882,4306.726853414883
26861.76881533195,4547.862889523017,-4723.643638658754,-2515.864600777585,4732.904049738697
26861.76995404167,4513.93385140008,-4160.874231032808,-2803.44768158873,5110.747074617806
26861.77109742471,4432.232740488102,-3551.934264446114,-3062.629424391338,5436.114595569366
26861.77224564689,4303.397192852241,-2902.97142843114,-3290.577946672995,5705.364178375031
26861.77339879381,4128.55993184798,-2220.619711619502,-3484.750865317125,5915.391904518241
26861.77455690115,3909.345400603469,-1511.924356730347,-3642.934957707706,6063.685092024836
26861.7757199516,3647.862039194246,-784.2769941605943,-3763.274884453247,6148.35894971291
26861.77688784453,3346.697175315795,-45.36254697050572,-3844.298103493501,6168.188849154239
26861.77806042948,3008.892318677489,696.9398789725474,-3884.94386436048,6122.642256230671
26861.77923749266,2637.921675759662,1434.632678620477,-3884.582328939371,6011.898270548418
26861.78041875394,2237.663244676907,2159.686696771033,-3843.031667375829,5836.862197250174
26861.78160390633,1812.348439399147,2864.157499789,-3760.567376551541,5599.163208525915
26861.78279256861,1366.53519691991,3540.250292971465,-3637.928926131976,5301.15534179841
26861.78398432241,905.0471273369334,4180.437476649246,-3476.317735865511,4945.89666799142
26861.7851787228,432.9154023162596,4777.556935637407,-3277.38713777987,4537.11841693123
26861.78637530125,-44.6801812076848,5324.902083170113,-3043.22660449758,4079.186079560031
26861.78757356392,-522.4709705858922,5816.305522539817,-2776.341315055301,3577.053931070858
26861.78877300088,-995.1656749898008,6246.22211791564,-2479.6239305606,3036.207087500584
26861.78997308598,-1457.514075119773,6609.800676836379,-2156.322659166407,2462.599265535001
26861.79117332457,-1904.38874646873,6902.958889035896,-1809.990391273786,1862.559618707484
26861.79237319846,-2330.825837560809,7122.416881722404,-1444.457131732151,1242.74314989777
26861.79357220942,-2732.101686958078,7265.750413650185,-1063.772408271258,610.0299450289253
26861.794769906,-3103.796864249452,7331.417562333962,-672.1468162862377,-28.57302480229919
26861.79596585158,-3441.835842423433,7318.766807011538,-273.9109259868835,-665.9994452639901
26861.79715962353,-3742.534666348527,7228.043668099533,126.5358982049006,-1295.207188087308
26861.79835085964,-4002.653777633748,7060.378971672363,524.7933263015497,-1909.285805070995
26861.79953921619,-4219.421030468939,6817.769792352809,916.4976842644652,-2501.51442137305
26861.80072437394,-4390.563641392368,6503.052190312223,1297.37468266884,-3065.442638418582
26861.80190607087,-4514.335095412283,6119.852488307183,1663.29879734179,-3594.978863665885
26861.80308410361,-4589.526257948232,5672.531274535037,2010.338624920457,-4084.455003650519
26861.80425828662,-4615.469184018179,5166.139282201711,2334.786896861844,-4528.668302956327
26861.80542846732,-4592.042358191082,4606.350634124947,2633.205317144763,-4922.943537884167
26861.80659454395,-4519.665569013496,3999.383486442973,2902.464750726289,-5263.185808219549
26861.80775646426,-4399.286448820741,3351.922469584578,3139.774739159326,-5545.916433318877
26861.80891417525,-4232.369573547021,2671.067857575575,3342.700442033986,-5768.292690622652
26861.81006768289,-4020.869605466446,1964.220887784463,3509.198264897848,-5928.14783430283
26861.81121702697,-3767.20551607753,1239.01237874261,3637.627566894237,-6023.999242873656
26861.81236227084,-3474.231810526057,503.2242956420237,3726.763009739508,-6055.056496007792
26861.81350350298,-3145.203856011126,-235.2961782911773,3775.804454680288,-6021.224339596222
26861.81464083524,-2783.739874370211,-968.7204135761651,3784.381755014253,-5923.097744350394
26861.81577443262,-2393.768419775359,-1689.340783586487,3752.553633862098,-5761.944572367273
26861.81690446691,-1979.497668131228,-2389.621309977568,3680.801660928028,-5539.68823436421
26861.81803114504,-1545.359209586362,-3062.293145281591,3570.020828071654,-5258.877999805818
26861.81915471696,-1095.95514304221,-3700.43109768235,3421.502921874355,-4922.650578769627
26861.82027546896,-636.0102561794361,-4297.515176131184,3236.917067704399,-4534.689402472509
26861.82139367244,-170.343642475296,-4847.465948005023,3018.29752138931,-4099.199515766772
26861.82250966953,296.2161161459663,-5344.745584712803,2768.004409720923,-3620.828903463544
26861.82362381243,758.8548665098253,-5784.374112941495,2488.705576279453,-3104.636659751927
26861.82473650547,1212.837259706549,-6161.988267585391,2183.336420268142,-2556.019233094959
26861.82584814593,1653.527414235616,-6473.853383534262,1855.08297029107,-1980.681167018967
26861.82695918152,2076.455178329484,-6716.910863722301,1507.332917160597,-1384.548866763274
26861.82807006765,2477.338956345186,-6888.784654434574,1143.653033174864,-773.733026678934
26861.82918127046,2852.125171984208,-6987.799153465249,767.754000226746,-154.4690511730919
26861.83029328361,3197.02864411984,-7012.98886861957,383.4493801384806,466.9506867704674
26861.83140657887,3508.549072533085,-6964.099580773914,-5.362726053988979,1084.206831077267
26861.83252163799,3783.512233119493,-6841.590899469398,-394.7457918635272,1691.027875949639
26861.83363893622,4019.092371758529,-6646.629741812372,-780.7545153871799,2281.237146527895
26861.83475895087,4212.838381057205,-6381.077233330641,-1159.472676095307,2848.811947616328
26861.83588207929,4362.684164019633,-6047.496115227385,-1527.020762250143,3387.897296698131
26861.83700875309,4466.989677906447,-5649.105288564119,-1879.629865581111,3892.917972956972
26861.83813931957,4524.543400388028,-5189.790553150757,-2213.638236297388,4358.574955312431
26861.83927410017,4534.588388677988,-4674.06134313748,-2525.546572392214,4779.927887381509
26861.84041336471,4496.834350620615,-4107.026812944201,-2812.045865048934,5152.436416538257
26861.84155732497,4411.470049540354,-3494.361164513248,-3070.051897182889,5472.010545537124
26861.8427061349,4279.171800939679,-2842.259086648432,-3296.740982591999,5735.061427895029
26861.84385987854,4101.109066854976,-2157.390978585482,-3489.582478071213,5938.546925096013
26861.84501858723,3878.941318419282,-1446.834132991682,-3646.375199850895,6080.019681882645
26861.84618222106,3614.814208897316,-718.0174496628997,-3765.275169975922,6157.663343067798
26861.8473506904,3311.342746219936,21.3645883994127,-3844.826231570654,6170.328570784254
26861.84852383413,2971.597581387526,763.4172578601585,-3883.982233268846,6117.558696084605
26861.84970141736,2599.082708962755,1500.12855103096,-3882.129545342797,5999.613128957307
26861.85088317122,2197.692151609784,2223.483477663663,-3839.103531232885,5817.476117297783
26861.85206875423,1771.68452233229,2925.532364387575,-3755.198918183585,5572.862830533715
26861.85325780018,1325.62330747336,3598.514089726509,-3631.172519960502,5268.204523474692
26861.85444988147,864.3409782869961,4234.928637385105,-3468.244016299176,4906.638442378998
26861.8556445565,392.8675915665213,4827.656442402049,-3268.082917484197,4491.968151992041
26861.85684133782,-83.61471630533524,5370.030654462254,-3032.798068381775,4028.635257167251
26861.85803972886,-559.8468176001088,5855.940329085618,-2764.910953957711,3521.660185621115
26861.85923922132,-1030.554311513376,6279.905449953156,-2467.328070812392,2976.585826408748
26861.86043929875,-1490.512360077219,6637.147775812262,-2143.307265380951,2399.412074884052
26861.86163946119,-1934.61808410764,6923.657464611008,-1796.412869923256,1796.512979273798
26861.86283919384,-2357.940361686446,7136.233987326683,-1430.482006698064,1174.575845370359
26861.86403801938,-2755.798101069323,7272.536246300881,-1049.563311401711,540.4945049423063
26861.86523547738,-3123.807453407085,7331.101599856219,-657.8734752890491,-98.70390233873422
26861.86643113434,-3457.936002401474,7311.360784496235,-259.7433218201714,-735.9483522949984
26861.8676245929,-3754.550652502478,7213.638510818322,140.4371781886647,-1364.212827829221
26861.86881547376,-4010.453135185614,7039.144889125476,538.2649134929134,-1976.589334549001
26861.87000342738,-4222.918523913243,6789.956334250955,929.3792585601143,-2566.374733435086
26861.87118815657,-4389.72682344421,6468.978640148146,1309.520086506582,-3127.15859794807
26861.87236939961,-4509.179649372108,6079.906765802381,1674.570454552887,-3652.885887823051
26861.87354694528,-4580.115540213906,5627.168918425914,2020.606869824801,-4137.929321344883
26861.87472063015,-4601.915011737311,5115.866368276827,2343.940183265848,-4577.145977208339
26861.87589029205,-4574.501675535868,4551.729905659573,2641.142234838258,-4965.913589213213
26861.87705583799,-4498.33885767759,3941.019864780917,2909.100203597834,-5300.202452955782
26861.87821720738,-4374.416375348351,3290.464873184608,3145.037000618646,-5576.5988045218
26861.87937437026,-4204.234700236437,2607.184140376357,3346.53824409754,-5792.336153538227
26861.8805273145,-3989.78621418127,1898.613650643179,3511.573601925408,-5945.318144229483
26861.88167609998,-3733.517789047138,1172.388158862424,3638.52230483922,-6034.141071550796
26861.88282079162,-3438.310385201041,436.2965050640237,3726.175607252442,-6058.090915604433
26861.88396149133,-3107.438066331616,-301.8228325040777,3773.750285353953,-6017.148607278646
26861.88509832092,-2744.533199444737,-1034.155291557526,3780.891285068134,-5911.98270643634
26861.88623143848,-2353.539261202767,-1753.003602462811,3747.671594891558,-5743.934419411115
26861.88736101732,-1938.672573733244,-2450.8546913808,3674.587018799521,-5514.998583959068
26861.88848729018,-1504.358717084908,-3120.483544266364,3562.543206339023,-5227.786255274005
26861.88961049213,-1055.204501843606,-3754.989703142967,3412.844547436672,-4885.500992987504
26861.89073089814,-595.9345913178927,-4347.887259919451,3227.173363958269,-4491.890953714617
26861.89184881382,-131.34489956618,-4893.159652439131,3007.567989055919,-4051.204761787355
26861.89296456439,333.7421680973244,-5385.309075411933,2756.399839717972,-3568.146578520727
26861.89407851087,794.5329163288318,-5819.412349664755,2476.342173893192,-3047.816709492909
26861.89519104471,1246.307013493099,-6191.157949862022,2170.340064371127,-2495.657141334179
26861.89630259263,1684.463962508388,-6496.879540902984,1841.576232878291,-1917.390936453223
26861.89741358113,2104.551406212526,-6733.572647344059,1493.448068332991,-1318.982303513947
26861.89852447594,2502.320709313323,-6898.926164479829,1129.52173309233,-706.557375740038
26861.89963574713,2873.750708940811,-6991.327631437534,753.5078023507261,-86.36383739134135
26861.90074788855,3215.089029788436,-7009.874138670391,369.2198593036432,535.2978089805154
26861.90186138287,3522.87265873955,-6954.373226613336,-19.44874421518824,1152.112135856801
26861.90297669746,3793.958689115001,-6825.346494283105,-408.5583179454784,1757.803533702238
26861.90409431899,4025.560445687026,-6624.020027909361,-794.1701860479832,2346.2112533674
26861.9052146908,4215.257917815532,-6352.321997757697,-1172.360117447052,2911.310986639118
26861.90633825753,4361.030880421932,-6012.861617382854,-1539.268899119417,3447.293240087184
26861.90746540343,4461.270763248835,-5608.927136420324,-1891.117199942447,3948.587277160367
26861.90859647205,4514.806295139356,-5144.46219540412,-2224.249012516518,4409.927575566207
26861.90973177643,4520.920791781101,-4624.03310486077,-2535.17072298971,4826.411765174139
26861.91087159264,4479.363781362089,-4052.795347003718,-2820.584083809901,5193.548604768424
26861.91201610917,4390.36433117569,-3436.480088833549,-3077.409474461869,5507.293544086458
26861.91316548329,4254.637359467964,-2781.321070536736,-3302.835858065295,5764.117604505705
26861.91431980253,4073.388157462428,-2094.021216128758,-3494.345479488711,5961.041991603094
26861.91547908858,3848.311674864991,-1381.691944994702,-3649.748446287447,6095.684178144478
26861.91664330994,3581.583068328864,-651.7789191416432,-3767.215123454897,6166.298235284366
26861.91781234695,3275.853126551838,87.98925064769765,-3845.300774347514,6171.806374873615
26861.91898602518,2934.223195483944,829.7013298384982,-3882.975110957876,6111.830402056409
26861.92016412959,2560.214191301755,1565.357771218613,-3879.641499247032,5986.707436363012
26861.92134636507,2157.746893682741,2286.935154790959,-3835.151787909555,5797.50340561651
26861.92253239132,1731.0940267277,2986.501118964055,-3749.817975124,5546.013188078336
26861.92372183538,1284.831109856823,3656.315353998462,-3624.414323434997,5234.747583227142
26861.92491425278,823.8017839231256,4288.902178992395,-3460.179645459506,4866.92514607212
26861.92610920776,353.0334238121502,4877.187238123313,-3258.799498878907,4446.421146552101
26861.92730621094,-122.2970228957771,5414.552059973967,-3022.398561921113,3977.74627867997
26861.92850475543,-596.9376648996374,5894.938031961045,-2753.515031676257,3465.988297986191
26861.92970433968,-1065.633431207059,6312.931311507954,-2455.067211989134,2916.744133654863
26861.93090443497,-1523.176628821663,6663.818947673542,-2130.327840935639,2336.069133832418
26861.93210453921,-1964.490753207649,6943.666103021989,-1782.872250766126,1730.380656438008
26861.93330416405,-2384.685837988209,7149.356028971806,-1416.537721843595,1106.385750789676
26861.93450281809,-2779.111170227034,7278.624628619616,-1035.382725596729,471.009519235537
26861.93570004866,-3143.424742714875,7330.092233751032,-643.6251606062713,-168.7099416542874
26861.93689543088,-3473.638802039312,7303.271653600347,-245.5943989533559,-805.7004788607753
26861.93808853828,-3766.158052127136,7198.572101857253,154.3105749259159,-1432.924340180456
26861.93927903468,-4017.842446927207,7017.281637956902,551.7040592226197,-2043.50923631457
26861.94046656589,-4226.013604890094,6761.553600815427,942.2289212071175,-2630.771114854126
26861.94165085079,-4388.502233246837,6434.362739905796,1321.637087818147,-3188.337023703631
26861.94283162677,-4503.657331805231,6039.471844217902,1685.819652015542,-3710.188499087651
26861.94400868612,-4570.364996114836,5581.371046013974,2030.864075378241,-4190.744108546691
26861.94518185717,-4588.052146889438,5065.223282932563,2353.090345812618,-4624.909073662073
26861.94635099324,-4556.68805178912,4496.804937360354,2649.087406826749,-5008.124515934982
26861.94751600221,-4476.778666576269,3882.420855753075,2915.756259521777,-5336.423203396209
26861.94867681502,-4349.355420187777,3228.842817236045,3150.332931471061,-5606.456689933239
26861.94983341348,-4175.95577290337,2543.214748562447,3350.421370063625,-5815.532925428199
26861.95098580407,-3958.602862915885,1832.98422260666,3514.009922526167,-5961.631720100012
26861.95213403098,-3699.776515758027,1105.810617208108,3639.491469128393,-6043.422201751072
26861.95327817708,-3402.380012831689,369.4787681971775,3725.675441931595,-6060.268061048479
26861.95441833193,-3069.712786897838,-368.1654336593836,3771.79388283863,-6012.226788732896
26861.95555464172,-2705.417610327197,-1099.331432315822,3777.508370889299,-5900.041651791477
26861.95668726195,-2313.451112957375,-1816.335873068573,3742.906241838511,-5725.127066189337
26861.95781639004,-1898.02865207502,-2511.703009477585,3668.495497984673,-5489.543760386276
26861.95894224133,-1463.585156678708,-3178.22547024773,3555.195040941942,-5195.972935702437
26861.96006506449,-1014.721122698715,-3809.045462834771,3404.319664742765,-4847.678538937221
26861.9611851216,-556.1610298761703,-4397.710290050798,3217.564415161155,-4448.472740895688
26861.96230272056,-92.69045297959923,-4938.25108190818,2996.97785638686,-4002.659618292229
26861.96341821027,370.891624601451,-5425.231177972674,2744.935195131799,-3514.983611613316
26861.96453194739,829.806978327147,-5853.777844332707,2464.117314637332,-2990.59025667635
26861.96564432285,1279.355635823669,-6219.6353580842,2157.475293518235,-2434.959908871904
26861.96675575399,1714.957165222061,-6519.193941570017,1828.199566188544,-1853.852943521092
26861.96786668183,2132.19164920474,-6749.514619595178,1479.687061922852,-1253.252347793943
26861.96897757937,2526.841884073667,-6908.34884516678,1115.503863659865,-639.2999341468735
26861.97008891241,2894.915950495211,-6994.145354159269,739.3631287320933,-18.25928383493419
26861.97120116565,3232.691562741424,-7006.064048260992,355.0818952572607,603.5565564794404
26861.97231483801,3536.745098866605,-6943.975467593395,-33.45280094323039,1219.839964513684
26861.9734303991,3803.969145141689,-6808.461556783484,-422.3037491563413,1824.321177974462
26861.97454832003,4031.609641464607,-6600.810812350207,-807.5293804366321,2410.841721239762
26861.97566906011,4217.28681625027,-6323.007506385446,-1185.214275436424,2973.40214792233
26861.97679303059,4359.013136412976,-5977.727520836224,-1551.492346410005,3506.199075667343
26861.97792062604,4455.22104397867,-5568.313802723434,-1902.593285332847,4003.696323834393
26861.97905219699,4504.778184882453,-5098.76063386763,-2234.869366212486,4460.665834275173
26861.98018804862,4507.005134632703,-4573.687171869722,-2544.831421787278,4872.241577783236
26861.98132843433,4461.689785536633,-3998.306955170826,-2829.183318467882,5233.970345496539
26861.98247355374,4369.09858310003,-3378.389289851707,-3084.857537379488,5541.862940736377
26861.98362354148,4229.984913128225,-2720.219181052467,-3309.048310939255,5792.441163017296
26861.98477847569,4045.591593938869,-2030.53963189199,-3499.24825892743,5982.787439759362
26861.98593836579,3817.650516229691,-1316.498313665951,-3653.279167362172,6110.585718673981
26861.98710316821,3548.372371882916,-585.5707157514316,-3769.325064436859,6174.162060960609
26861.98827277275,3240.435555341066,154.5056178869327,-3845.957854902784,6172.515065922684
26861.98944700438,2896.967054926441,895.8119633830702,-3882.162531978541,6105.3430217703
26861.99062562128,2521.518097254972,1630.332638451026,-3877.35828052588,5973.063818862642
26861.99180834034,2118.024153397492,2350.060813483047,-3831.414117535924,5776.822342328865
26861.99299480529,1690.777159062267,3047.071826374332,-3744.659662989381,5518.495468625465
26861.99418464531,1244.360952273812,3713.652535028144,-3617.886127561187,5200.671717350013
26861.9953774208,783.6211146530422,4342.363517724358,-3452.347840207725,4826.643119808737
26861.99657266966,313.5940195817206,4926.158591622134,-3249.750096486824,4400.365230404089
26861.99776990398,-160.5503327221576,5458.470915067757,-3012.23341850321,3926.416967430605
26861.99896862562,-633.5753685797005,5933.302849124433,-2742.34856951105,3409.944844266664
26862.00003512017,-1048.913478858072,6302.817658030837,-2477.607736635518,2919.66136386674
