DefaultSC.A1ModJulian,DefaultSC.EarthMJ2000Eq.X,DefaultSC.gse.X,DefaultSC.gse.Y,DefaultSC.gse.Z
27592.00004669423,3740.023436907704,-1901.89155784389,-3220.855785879056,6173.240357281709
27592.00074113868,3577.942415104648,-1472.302815026702,-3280.712309673218,6270.936769903659
27592.00183283183,3296.032733728692,-786.3840613688872,-3349.644743624158,6376.343109641439
27592.00299136397,2963.456802255065,-50.67692675702119,-3388.774666220319,6423.304809246097
27592.00416149318,2596.344358850153,692.8521656819892,-3392.59550524872,6402.920329494743
27592.00533688526,2200.109879603658,1432.331058641681,-3360.530028251319,6314.531747295592
27592.00651661654,1779.109461089076,2159.307210561298,-3292.744300986367,6158.767279096794
27592.0077002955,1337.844040864941,2865.769675112384,-3189.824531001607,5937.038334564545
27592.00888757918,881.0465812821787,3543.932453491364,-3052.753180006736,5651.502203627655
27592.01007808971,413.6578218467838,4186.273468553733,-2882.90343093985,5305.050060047758
27592.01127140964,-59.2266900756014,4785.62307210174,-2682.029002700509,4901.284249466498
27592.01246706965,-532.4095944212988,5335.248506232367,-2452.251620253938,4444.491236599672
27592.01366461081,-1000.676919092766,5828.968330938043,-2196.028579817291,3939.5756009679
27592.01486355206,-1458.846698844191,6261.212380692918,-1916.131204557992,3392.016707526696
27592.01606337223,-1901.824576758932,6627.089374268793,-1615.61965288227,2807.818133158687
27592.01726359237,-2324.696069164588,6922.476274635506,-1297.787958446017,2193.399734763018
27592.01846370689,-2722.760006378606,7144.046838788136,-966.1419562412647,1555.554402073668
27592.01966322864,-3091.601751104959,7289.326528366096,-624.3464949636332,901.3454962025794
27592.02086171189,-3427.151328195675,7356.720336683008,-276.174484051979,238.0087770275777
27592.02205867528,-3725.7095868068,7345.525382694858,74.51595443718122,-427.0917656819538
27592.02325371636,-3984.022851519736,7255.942673281979,423.86072422242,-1086.615077531349
27592.02444643334,-4199.297892713155,7089.066578438103,768.0129911678666,-1733.287076989996
27592.02563646445,-4369.242035037777,6846.86648979749,1103.199903231382,-2360.007936815229
27592.02682347206,-4492.083785502574,6532.1595526973,1425.761985164197,-2959.926139118664
27592.02800716068,-4566.592135347886,6148.567432155533,1732.200188934817,-3526.526433380363
27592.0291872885,-4592.0848115982,5700.460245079193,2019.217588340429,-4053.707117187171
27592.03036362799,-4568.428932857898,5192.912241250604,2283.745568910392,-4535.82833608871
27592.03153600902,-4496.038083987964,4631.620543059321,2522.987135081288,-4967.791405881351
27592.03270428611,-4375.861604011817,4022.846445188527,2734.438277701735,-5345.077356830335
27592.03386836166,-4209.366605945233,3373.327499952162,2915.917766449057,-5663.800293304718
27592.03502817608,-3998.515273999903,2690.200228050216,3065.585397049416,-5920.739228261315
27592.03618369767,-3745.739208418189,1980.922086999299,3181.957269502473,-6113.364223242119
27592.0373349463,-3453.901822690929,1253.170855147457,3263.92028460076,-6239.860109652377
27592.03848196724,-3126.26667992779,514.7734156408083,3310.736591878162,-6299.132267583744
27592.03962483856,-2766.45602114856,-226.3852617262469,3322.048121926685,-6290.811736023668
27592.04076368589,-2378.402043862967,-962.457272544714,3297.875144000182,-6215.248766905369
27592.04189864709,-1966.312365098775,-1685.692254059094,3238.6112454467,-6073.500936569148
27592.04302992316,-1534.604278072891,-2388.550074070895,3145.012358787103,-5867.307804159466
27592.04415770434,-1087.882882699301,-3063.73062522074,3018.188714003258,-5599.074426620757
27592.04528223534,-630.8669814117112,-3704.2872285568,2859.584645484404,-5271.828384775781
27592.04640381925,-168.3360481299853,-4303.692085763632,2670.955126244712,-4889.17248031352
27592.0475227259,294.8812670174568,-4855.84759552787,2454.359066074813,-4455.271439291988
27592.04863931951,754.008139025245,-5355.208695597779,2212.113252506392,-3974.759307251615
27592.04975395803,1204.324881406043,-5796.777851293329,1946.783390324641,-3452.722454193183
27592.05086702354,1641.226820393134,-6176.16422154429,1661.151442027321,-2894.634925585903
27592.05197893839,2060.273503908347,-6489.623032460475,1358.181576783338,-2306.291926720189
27592.05309013723,2457.217908662733,-6734.073211957636,1040.9966816512,-1693.76423867841
27592.05420108122,2828.04951442946,-6907.123278945105,712.8436275708523,-1063.330919812152
27592.05531224935,3169.02549049123,-7007.083294548338,377.0642263682279,-421.4233759604604
27592.05642411784,3476.696615653484,-7032.973213520336,37.07019007777848,225.4228283013354
27592.05753718111,3747.943205412524,-6984.529428852225,-303.6944933743055,870.6399927155214
27592.05865192618,3979.994445304259,-6862.202895688773,-641.7768911631101,1507.672812723612
27592.05976882019,4170.451591342374,-6667.158105990676,-973.7424283679028,2130.030494701607
27592.06088831737,4317.312823050941,-6401.264986360113,-1296.208171363609,2731.349939309994
27592.06201085111,4418.99185110666,-6067.086439455908,-1605.871416059875,3305.449826512069
27592.06313681138,4474.334265229187,-5667.867796182691,-1899.534570669783,3846.377744763332
27592.06426655821,4482.635149579,-5207.511250648625,-2174.140146973275,4348.475887780238
27592.0654004018,4443.651099198977,-4690.555002841135,-2426.796585070218,4806.429535617642
27592.06653863737,4357.607586379393,-4122.122537940862,-2654.815909790181,5215.336734942382
27592.06768144684,4225.211448021738,-3507.930866300133,-2855.723351282441,5570.727226185704
27592.06882900613,4047.646069168886,-2854.191838368633,-3027.308570193605,5868.655832422164
27592.06998140912,3826.575146959638,-2167.597339127622,-3167.638492210196,6105.726477976701
27592.07113870536,3564.130357928045,-1455.238811443493,-3275.089391054256,6279.149940822015
27592.07230086975,3262.904347511159,-724.5586195687483,-3348.366784200835,6386.779788647558
27592.07346783048,2925.926205322992,16.73991570457383,-3386.528929962079,6427.153342040791
27592.07463943053,2556.648189071825,760.7470839140242,-3389.002924971674,6399.520070232338
27592.07581548679,2158.898344068127,1499.468270397534,-3355.600005183888,6303.865527842118
27592.07699575901,1736.852925497722,2224.891801373623,-3286.522810868757,6140.92229771308
27592.07817992357,1295.005910563587,2929.064299915619,-3182.373628285431,5912.182424495887
27592.079367654,838.0933928456108,3604.232211093269,-3044.148703676065,5619.880434234682
27592.08055855307,371.0673146610235,4242.893533897004,-2873.237768656703,5266.990128724115
27592.08175219295,-100.9743368437733,4837.913716914736,-2671.410306650425,4857.193325834913
27592.08294814458,-572.8575475834965,5382.62674496724,-2440.793053524925,4394.832529684134
27592.08414591855,-1039.36916219531,5870.89020842597,-2183.859222697477,3884.88786772602
27592.08534502166,-1495.341013580668,6297.191423023824,-1903.392641405544,3332.904050723438
27592.08654495212,-1935.709965328652,6656.714002219265,-1602.456901422835,2744.92856428802
27592.08774522154,-2355.586683979862,6945.404181244901,-1284.354300070068,2127.430431191569
27592.08894532339,-2750.303275832068,7160.012936524778,-952.5952245687239,1487.239870529378
27592.09014476529,-3115.481560280779,7298.146222087123,-610.8484058864909,831.4512092752448
27592.09134309178,-3447.091303955025,7358.293153727153,-262.8900496616542,167.3246192319425
27592.09253985987,-3741.489143133073,7339.837084215303,87.43461101223471,-497.7877819113169
27592.09373463826,-3995.461771363332,7243.063025539073,436.2567914383239,-1156.529034307561
27592.09492703934,-4206.269606450866,7069.148896192095,779.7395099400962,-1801.64249921903
27592.09611669461,-4371.67085104567,6820.147502277193,1114.115665315644,-2426.043764214421
27592.09730329396,-4489.949956934151,6498.948334103094,1435.742835868109,-3022.923422396008
27592.09848655332,-4559.927381113032,6109.241233258665,1741.135421050195,-3585.806857759619
27592.09966620339,-4580.970397423638,5655.473925847298,2027.001543794386,-4108.622797246016
27592.10084204605,-4552.99715777146,5142.772951943386,2290.293273179047,-4585.795511440305
27592.10201391256,-4476.468507484966,4576.890283926907,2528.227917704422,-5012.283168648179
27592.10318166851,-4352.377854737445,3964.130434492902,2738.318329061932,-5383.632415574022
27592.10434520538,-4182.235901199015,3311.278423333911,2918.396790489937,-5696.020781242752
27592.10550448017,-3968.041681686465,2625.495690769796,3066.64159690269,-5946.302702019738
27592.10665947524,-3712.258509624182,1914.256802011969,3181.585787360003,-6132.023456221507
27592.10781019026,-3417.785283836283,1185.269972579235,3262.12986052514,-6251.439903319765
27592.10895667966,-3087.910837722468,446.3666482658032,3307.552774544282,-6303.536492769034
27592.1100990389,-2726.274517863174,-294.5774047292484,3317.511974965587,-6288.021820727996
27592.11123738614,-2336.82814444106,-1029.715242974057,3292.041698366656,-6205.322136369666
27592.11237187305,-1923.787203656343,-1751.318633225753,3231.548512344873,-6056.568768859514
27592.11350269161,-1491.580098139337,-2451.86211812195,3136.801263878808,-5843.575137665571
27592.11463004523,-1044.810026721049,-3124.081144197064,3008.920648541349,-5568.814204558256
27592.11575418887,-588.189802609304,-3761.068284866165,2849.359525612928,-5235.376489504906
27592.11687540128,-126.5025551546914,-4356.321872529285,2659.885659947923,-4846.934878484508
27592.11799400415,335.4552403387286,-4903.81615929423,2442.556489561134,-4407.693206349443
27592.11911033389,792.9101975155831,-5398.040118829944,2199.699506979311,-3922.34694981921
27592.12022475965,1241.166052645883,-5834.054483909757,1933.882850578736,-3396.024399852277
27592.12133766289,1675.640361821396,-6207.524655145816,1647.891986801875,-2834.240524653675
27592.12244947855,2091.923143204045,-6514.76866009964,1344.68974788036,-2242.81842594131
27592.12356064569,2485.797128493977,-6752.766225656844,1027.398244319731,-1627.854230416309
27592.12467162716,2853.282745447896,-6919.186924174333,699.2632373823275,-995.6476933483414
27592.12578288817,3190.665572040012,-7012.401770822436,363.6291942537163,-352.6538988645038
27592.12689490995,3494.533163229035,-7031.495714494587,23.9040399863693,294.5846921357972
27592.12800818733,3761.802498731822,-6976.269174445366,-316.4715871530049,939.4971085744892
27592.12912319606,3989.738435451372,-6847.238332317384,-654.045416500005,1575.524292553257
27592.13024041761,4175.984323309801,-6645.62948601712,-985.3920938308371,2196.192471382798
27592.13136028049,4318.574491166051,-6373.380250052088,-1307.126852367549,2795.139530783894
27592.13248322583,4415.965441482389,-6033.11433440381,-1615.956030301972,3366.210214013199
27592.13360964124,4467.044081427892,-5628.137458094048,-1908.688884421911,3903.478704330024
27592.13473987906,4471.146883805721,-5162.411933311633,-2182.274332830437,4401.317602535593
27592.13587425827,4428.071411784375,-4640.526045868719,-2433.831889692748,4854.45559423143
27592.13701304334,4338.085340218882,-4067.668297704451,-2660.676906110081,5258.024513311196
27592.13815643656,4201.934217086885,-3449.592419030775,-2860.349687887596,5607.613323643207
27592.13930459084,4020.842470605676,-2792.564199157628,-3030.647317095079,5899.326339930622
27592.14045760702,3796.509617808154,-2103.308079724447,-3169.65007709909,6129.831146472412
27592.14161551544,3531.105785390585,-1388.957583816587,-3275.744874318722,6296.400968254898
27592.14277829178,3227.255918169366,-656.9789722767555,-3347.651065973696,6396.960271880484
27592.1439458377,2888.026013312621,84.89026797657334,-3384.440069946989,6430.119233410814
27592.14511801688,2516.888563812068,828.7436410910477,-3385.554487350242,6395.205221098056
27592.14629461101,2117.70508010807,1566.562265578304,-3350.820621125857,6292.283931579605
27592.14747538375,1694.669140112203,2290.343476229291,-3280.457004107945,6122.16930139593
27592.14866000767,1252.289658155395,2992.14654903806,-3175.081505723321,5886.43479775071
27592.14984815445,795.3118543399047,3664.240151398077,-3035.705277005398,5587.394524645078
27592.15103941957,328.6936829812902,4299.150001577935,-2863.733097635041,5228.101456150516
27592.15223337795,-142.4701821776023,4889.782930915186,-2660.947316753884,4812.310564179731
27592.1534295688,-613.0009956941275,5429.506438678,-2429.493074142045,4344.446564251122
27592.15462753858,-1077.713186618803,5912.250630360369,-2171.848061201125,3829.54105518552
27592.15582677523,-1531.45016633168,6332.556938818207,-1890.809389305581,3273.204871039735
27592.15702678421,-1969.175778174121,6685.679900082767,-1589.446874136337,2681.533777914911
27592.15822706929,-2386.027103096397,6967.636901582399,-1271.070885422724,2061.044491759253
27592.15942713057,-2777.372605077422,7175.258381281001,-939.1942956012786,1418.59941281233
27592.16062647979,-3138.873413929553,7306.231166901136,-597.4868452597497,761.317244896582
27592.1618246514,-3466.538204329549,7359.126204386775,-249.7278832353393,96.48129283712251
27592.16302120549,-3756.770090605881,7333.412007076791,100.2399267309783,-568.5496867154338
27592.16421572221,-4006.406403495618,7229.457391893097,448.5548738653052,-1226.4262403234
27592.16540779916,-4212.754734325435,7048.525236461174,791.3813510195079,-1869.894200400644
27592.16659708216,-4373.627828917451,6792.748362963053,1124.964011707588,-2491.896902103219
27592.1677832696,-4487.363085870661,6465.09177356632,1445.672045828054,-3085.657879955018
27592.16896606707,-4552.832409776983,6069.322301461836,1750.028039624842,-3644.734587406611
27592.17014524869,-4569.455857867734,5609.940320913984,2034.76315340509,-4163.120261306562
27592.17132058673,-4537.199844415112,5092.144851665022,2296.835174951513,-4635.276810493113
27592.17249193292,-4456.572645081107,4521.734952871191,2533.480291236046,-5056.228593555936
27592.17365915571,-4328.612184830479,3905.061891755002,2742.226609724516,-5421.585972252156
27592.17482217207,-4154.867059818393,3248.937059258198,2920.925457200531,-5727.600397133354
27592.1759809128,-3937.378041349141,2560.569359827799,3067.766205628917,-5971.189634963824
27592.17713536962,-3678.642225620204,1847.453713238184,3181.299331678933,-6149.976091419659
27592.17828557183,-3381.581658376915,1117.296810498249,3260.443115220239,-6262.29588736366
27592.1794315561,-3049.514978627178,377.9501448913961,3304.489624596921,-6307.206931566008
27592.18057342382,-2686.101438354103,-362.7130280123201,3313.111231694405,-6284.495010498979
27592.1817113025,-2295.306501199222,-1096.858260515303,3286.355932987087,-6194.661801058527
27592.18284534017,-1881.358845868676,-1816.768797170639,3224.64334029781,-6038.913155514994
27592.18397571481,-1448.699842829165,-2514.931786694498,3128.75622343104,-5819.138477768694
27592.18510265685,-1001.925184517061,-3184.127685036933,2999.824843455915,-5537.876141273405
27592.18622642616,-545.7433555453275,-3817.48570940713,2839.311104843213,-5198.280314741851
27592.18734729939,-84.93160648513226,-4408.542550904727,2648.991712250515,-4804.085676107118
27592.18846559738,375.7242095307543,-4951.317256192125,2430.932046313376,-4359.553531913348
27592.18958165999,831.4673156147717,-5440.350795544375,2187.465584196872,-3869.430339799779
27592.19069586414,1277.623796344489,-5870.761484852137,1921.163890702047,-3338.887375970594
27592.19180861309,1709.642389626938,-6238.27893067705,1634.810348777414,-2773.468638639402
27592.19292033802,2123.136920780734,-6539.277136718559,1331.370353811039,-2179.032026582368
27592.19403147457,2513.917167754024,-6770.795279685002,1013.96773642204,-1561.703022402461
27592.19514248798,2878.035383450067,-6930.565764632426,685.8473129626296,-927.8015259513581
27592.19625385126,3211.812595835161,-7017.023369489992,350.3498511688994,-283.7933466074933
27592.19736604823,3511.871418258953,-7029.31541969737,10.88011165091388,363.7715660596837
27592.1984795534,3775.159925801624,-6967.306022817937,-329.1182293403004,1008.307465653814
27592.19959484602,3998.982511857817,-6831.576320855484,-666.1980249430109,1643.260697644455
27592.20071238989,4181.019376347662,-6623.420075830637,-996.933673258288,2262.157460587237
27592.20183264412,4319.350181102992,-6344.831822161001,-1317.955249290109,2858.668531254551
27592.20295602434,4412.468368324247,-5998.501390492385,-1625.968165693419,3426.646756065359
27592.20408292058,4459.302440917496,-5587.793127677429,-1917.789733536115,3960.195904410397
27592.20521367852,4459.229744903646,-5116.728324868146,-2190.375207408139,4453.719648206005
27592.20634860343,4412.089377644839,-4589.955329050079,-2440.849951772059,4901.981517951782
27592.20748796289,4318.189873463789,-4012.712013321807,-2666.54000089213,5300.161359184243
27592.20863195881,4178.316065717186,-3390.798199439093,-2864.995909580183,5643.899535981921
27592.20978073046,3993.732130018632,-2730.528453671934,-3034.023557556689,5929.353284432299
27592.21093435771,3766.178575925896,-2038.676280177056,-3171.712948756375,6153.248743576825
27592.21209287931,3497.859310876068,-1322.401027228204,-3276.465557373541,6312.929225119916
27592.21325625769,3191.43469035317,-589.2010348255858,-3347.013403085574,6406.389152155223
27592.21442440652,2849.996365766133,153.1770662497793,-3382.44249393833,6432.313846080238
27592.21559714148,2477.057062978996,896.7871470163873,-3382.209260106888,6390.108264932231
27592.21677428324,2076.488087534121,1633.633876985187,-3346.155385763085,6279.916955403031
27592.21795555851,1652.512861575804,2355.698537924685,-3274.51529833212,6102.636951246622
27592.21914065836,1209.646586212157,3055.06728669044,-3167.920754535705,5859.919344554044
27592.22032922265,752.654300059694,3724.014200215846,-3027.400505038875,5554.163969653366
27592.22152084278,286.498489347332,4355.096748287591,-2854.375095867995,5188.504072291895
27592.22271510439,-183.7331860396052,4941.269246487622,-2650.639123272947,4766.765988671706
27592.22391155835,-652.8750426385856,5475.95294874168,-2418.347410182173,4293.438709938106
27592.22510971452,-1115.741152435693,5953.118139749834,-2159.995861520206,3773.632582957119
27592.22630908118,-1567.202442471687,6367.378763702131,-1878.387268661828,3213.008552607068
27592.22750917202,-2002.250353339853,6714.060067157001,-1576.597018334909,2617.708710756547
27592.22870946047,-2416.040906097487,6989.245400859715,-1257.949368143117,1994.308149852061
27592.22990947735,-2803.987779631362,7189.851149500773,-925.9533974069499,1349.688275880886
27592.23110872112,-3161.786202916741,7313.642471707952,-584.2846027339358,691.0005170811792
27592.23230673245,-3485.489102347616,7359.274387225139,-236.7208054536992,25.54143108198014
27592.23350306281,-3771.543114007631,7326.300014193243,112.8946036043807,-639.3181943628149
27592.23469729826,-4016.835814154595,7215.173512150787,460.7054511386453,-1296.234523596967
27592.23588905773,-4218.728886419027,7027.237937171796,802.8880665452496,-1937.976689801574
27592.23707799023,-4375.085443568003,6764.703648770324,1135.695293616198,-2557.509841444695
27592.23826377316,-4484.291826401575,6430.617323580069,1455.499570711764,-3148.075868415817
27592.23944612782,-4545.273893733973,6028.815519685007,1758.838606691979,-3703.278177735231
27592.24062482779,-4557.502945158028,5563.866976446331,2042.455615396443,-4217.155423787128
27592.24179965992,-4520.995266368095,5041.027022676952,2303.325171815664,-4684.228503388224
27592.24297046683,-4436.307229344918,4466.154273346431,2538.695798763394,-5099.577245640303
27592.244137154,-4304.518290401778,3845.629127108217,2746.117537181241,-5458.888533274376
27592.24529962277,-4127.219235908365,3186.310448644037,2923.453454294105,-5758.475995079164
27592.24645782093,-3906.485801441597,2495.429635917377,3068.91055546625,-5995.33301782925
27592.2476117439,-3644.84739437897,1780.50311790097,3181.054365156941,-6167.155645238496
27592.24876141786,-3345.256159885932,1049.255710127186,3258.817618779372,-6272.354845481033
27592.24990689574,-3011.051387686164,309.5368011351629,3301.507734736573,-6310.06599475391
27592.2510482651,-2645.916911882405,-430.7709708729221,3308.810551734005,-6280.150752476457
27592.25218565836,-2253.833175604239,-1163.84358201602,3280.788222586772,-6183.187710916358
27592.25331923302,-1839.037058587521,-1881.985197229574,3217.87316158897,-6020.45679360329
27592.2544491729,-1405.974231331691,-2577.708460690157,3120.859574751271,-5793.918367201599
27592.2555757044,-959.2437758934767,-3243.819924385744,2990.889038773753,-5506.180645680102
27592.25669909485,-503.5485516779472,-3873.488088274297,2829.43264086522,-5160.461519792298
27592.25781961425,-43.66136871792511,-4460.286926269211,2638.27717330987,-4760.559548827619
27592.2589375896,415.6459363450003,-4998.28538818877,2419.495123027943,-4310.79123873991
27592.26005337928,869.6398279798335,-5482.083571140181,2175.422560916614,-3815.946536950247
27592.26116735873,1313.66507793199,-5906.852454740194,1908.636003668193,-3281.242120331065
27592.26227993673,1743.195334882954,-6268.380455033184,1621.921023526586,-2712.258487464313
27592.26339153765,2153.867812290507,-6563.099362535006,1318.247255802323,-2114.890464475468
27592.26450262096,2541.529686549422,-6788.115802289769,1000.733075509518,-1495.277630704484
27592.26561363765,2902.259149239625,-6941.221389285703,672.6272089597217,-859.7683250077771
27592.2667250784,3232.415983025122,-7020.916391746214,337.2640581920339,-214.8326418381121
27592.26783742688,3528.656914396756,-7026.410086155035,-1.953786887939316,432.9712895519672
27592.26895114871,3787.963743684631,-6957.629528341811,-341.5829221649215,1077.050414772016
27592.27006672425,4007.678758341339,-6815.218995390997,-678.1803351084985,1710.855709383951
27592.27118463048,4185.52243132117,-6600.53134723221,-1008.328825072159,2327.930514914306
27592.27230528752,4319.607802347072,-6315.630181672032,-1328.652326679785,2921.940259321492
27592.27342913359,4408.47178242161,-5963.260655670155,-1635.868978896577,3486.772307739072
27592.27455653036,4451.081567040459,-5546.85474666413,-1926.795437911383,4016.544845166577
27592.27568783383,4446.856423552014,-5070.486945155307,-2198.397729418654,4505.701547418568
27592.27682333973,4395.676053808432,-4538.862716335321,-2447.807568185067,4949.042327442891
27592.27796329076,4297.891497147131,-3957.282657882109,-2672.355721614032,5341.785108691915
27592.27910788213,4154.329801290293,-3331.597878583044,-2869.603269276226,5679.623018742102
27592.28025726376,3966.293091403002,-2668.159004078051,-3037.370091135456,5958.775873251808
27592.28141153121,3735.554644117846,-1973.765254923315,-3173.759856943039,6176.034958739121
27592.28257068944,3464.358631739166,-1255.62557999953,-3277.182264646071,6328.803290102473
27592.28373468811,3155.401101493332,-521.269978047822,-3346.382510876323,6415.146554713595
27592.28490342216,2811.808969471726,221.526648480718,-3380.461200352439,6433.826542600327
27592.28607676044,2437.104165429082,964.8434163327174,-3378.890323257341,6384.325609426
27592.28725444957,2035.20270384434,1700.637640244628,-3341.526218254497,6266.870025071079
27592.28843624392,1610.336488575084,2420.916139604852,-3268.618651394729,6082.436664466703
27592.28962182236,1167.03737508899,3117.774058888095,-3160.814950811036,5832.758503510149
27592.29081081285,710.0822990293116,3783.504008300463,-3019.159974154145,5520.317717285179
27592.29200283329,244.4254422297934,4410.711149770113,-2845.084555938407,5148.316350371921
27592.29319743059,-224.8338917526255,4992.370547958023,-2640.40171870008,4720.665406323375
27592.29439415746,-692.5396141134024,5521.955030420224,-2407.278857425646,4241.923562192649
27592.29559252811,-1153.522035492283,5993.494292515016,-2148.222201478925,3717.263620644682
27592.29679204859,-1602.671175750061,6401.665105600373,-1866.044521392835,3152.404955833323
27592.29799220801,-2034.994950267895,6741.855950456004,-1563.835472635559,2553.552569751963
27592.2991925108,-2445.691299796737,7010.235305274936,-1244.917947258994,1927.309150670957
27592.30039247014,-2830.20290276899,7203.794650481313,-912.8098796859692,1280.59911673089
27592.30159161636,-3184.274025560227,7320.38536250294,-571.1800325250285,620.5815193122435
27592.30278946406,-3503.992164376578,7358.742496266344,-223.8137493600664,-45.4172060859737
27592.303985577,-3785.853341206864,7318.504754622674,125.4508567321555,-710.0267429482403
27592.30517955807,-4026.796502637766,7200.208230113301,472.7662333146165,-1365.915615949577
27592.30637100543,-4224.22882891431,7005.280128475021,814.3082237565717,-2005.853872163808
27592.3075595735,-4376.066415385526,6736.011721033812,1146.338750312271,-2622.831454425423
27592.30874495563,-4480.749497097637,6395.523099589191,1465.243834423417,-3210.128933079129
27592.30992687578,-4537.255187611702,5987.721694945397,1767.572374145044,-3761.389275429397
27592.31110511902,-4545.105091623146,5517.238241314956,2050.082110052356,-4270.701880886827
27592.31227946811,-4504.363937654259,4989.390061496162,2309.759339022362,-4732.638210689267
27592.31344977517,-4415.634367723077,4410.085613981888,2543.868330469732,-5142.340345321097
27592.31461592305,-4280.042867170221,3785.764833398021,2749.969706190691,-5495.552532411359
27592.31577785229,-4099.217603473698,3123.306043522708,2925.948902626648,-5788.669799322644
27592.31693550623,-3875.271897305541,2429.974380353191,3070.027027018713,-6018.75559301502
27592.31808888675,-3610.767366111412,1713.306098458463,3180.785486697774,-6183.581528218001
27592.31923801599,-3308.68673242709,981.04435288492,3257.1718815198,-6281.634646488094
27592.32038296404,-2972.389817153026,241.0352948969476,3298.509530742861,-6312.128989281511
27592.32152382733,-2605.577535510283,-498.8445326598069,3304.498066523652,-6275.002102562376
27592.32266071909,-2212.252249514799,-1230.766643244316,3275.213217726163,-6170.909573434204
27592.32379382256,-1796.652972666993,-1947.067215188486,3211.099707849995,-6001.203850712557
27592.32492331075,-1363.235296132246,-2640.274626665893,3112.964085562452,-5767.918749198302
27592.32604942968,-916.5920355618262,-3303.236524132624,2981.956881911067,-5473.726960311557
27592.3271724277,-461.4303105509374,-3929.145756191751,2819.561226910111,-5121.916526942466
27592.32829259945,-2.505250151057997,-4511.631321183891,2627.569114553963,-4716.339382138652
27592.3294102717,455.4232212389953,-5044.807293264837,2408.059927234965,-4261.3669375769
27592.33052579468,907.6341416075818,-5523.320443953588,2163.377574747358,-3761.843076250458
27592.33163954927,1349.494249678418,-5942.399271410646,1896.102693802474,-3223.027574458627
27592.33275195383,1776.504110609795,-6297.893545847985,1609.022354696909,-2650.535353805481
27592.33386343751,2184.328853000956,-6586.296277577949,1305.107342378904,-2050.29135538085
27592.33497445389,2568.842456790681,-6804.774753679799,987.47904021995,-1428.464910440669
27592.3360854675,2926.159188890731,-6951.186753211676,659.3825568490768,-791.4170121267211
27592.33719695996,3252.669374847871,-7024.095540948615,324.1541269959822,-145.6367053138611
27592.33830943233,3545.069888037161,-7022.775623634331,-14.81075266404127,502.3205142758979
27592.33942334357,3800.376928482518,-6947.21725407532,-354.0694326738725,1145.856457799102
27592.34053918077,4015.971547150335,-6798.126809227724,-690.184495356959,1778.430731734312
27592.34165739481,4189.608296117608,-6576.923953602556,-1019.735361135082,2393.583053656349
27592.34277843252,4319.444116884881,-6285.728847677796,-1339.359096392724,2985.010728008781
27592.34390269002,4404.051775430635,-5927.358287891274,-1645.768151406819,3546.602616716262
27592.34503055913,4442.442184429774,-5505.293856345334,-1935.794666942484,4072.522012356008
27592.3461623879,4434.073759640827,-5023.666905601212,-2206.409989526534,4557.243241468143
27592.34729843902,4378.867563147078,-4487.250297211294,-2454.746950359596,4995.59400793558
27592.34843897645,4277.214176022346,-3901.384333626882,-2678.150879254452,5382.848195981413
27592.34958418904,4129.979213951249,-3271.96734895218,-2874.191422508153,5714.748104799144
27592.35073420459,3938.505299453813,-2605.402391739465,-3040.695819679087,5987.564714337374
27592.35188908616,3704.609340771297,-1908.544031630546,-3175.776685082337,6198.147428822059
27592.35304885178,3430.569147918837,-1188.623579270316,-3277.8600269862,6343.972770707073
27592.35421345517,3119.111724935022,-453.1909122400821,-3345.705546879239,6423.179418092224
27592.35538280827,2773.386751937615,289.9748273343989,-3378.427935275868,6434.602979082108
27592.35655672528,2396.957144860894,1032.910318281746,-3375.512189729067,6377.802340820359
27592.35773496261,1993.757910264407,1767.579537957493,-3336.83091716612,6253.085210485749
27592.35891726957,1568.039581007905,2485.995035401935,-3262.649515885922,6061.509738986001
27592.360103321,1124.347519835399,3180.266905504921,-3153.630765989757,5804.889959900597
27592.36129275036,667.4633499165178,3842.716493772274,-3010.833305659659,5485.785020709305
27592.36248514152,202.356008725933,4465.964735537646,-2835.706482049243,5107.483182083024
27592.36368005691,-265.8850740549028,5043.038516891938,-2630.075027249081,4673.965052858994
27592.36487703481,-732.1077349064924,5567.454877589108,-2396.12132692314,4189.863705909182
27592.36607559802,-1191.160850805523,6033.305918292641,-2136.361148203658,3660.412186160975
27592.36727524766,-1637.953186468042,6435.331219257068,-1853.617802412655,3091.388849657545
27592.36847548916,-2067.524317127586,6768.994142394819,-1550.984606168731,2489.040001969398
27592.36967580862,-2475.096009229235,7030.532327534074,-1231.794926071977,1860.018808702835
27592.37087571952,-2856.146453386341,7217.017172095471,-899.5710213493876,1211.282978590722
27592.37207474068,-3206.456348687868,7326.382321551767,-557.9874039328937,550.0223607412158
27592.37327241306,-3522.164352594938,7357.450249439356,-210.8222502978613,-116.436206691852
27592.37446829183,-3799.810120089965,7309.94369942135,138.0856476751624,-780.7124062264436
27592.3756619767,-4036.380961963469,7184.484342533194,484.8915700993102,-1435.477334131104
27592.37685309262,-4229.339496165753,6982.57901556516,825.7848055376444,-2073.529301619273
27592.37804129691,-4376.652146680487,6706.596094251195,1157.035321181836,-2687.88182736407
27592.37922626238,-4476.80827442394,6359.736895536739,1475.032496871701,-3271.836092530682
27592.38040774693,-4528.83900364727,5945.970517014084,1776.344819471111,-3819.090910686868
27592.3815855022,-4532.315159460491,5470.006206346929,2057.733548219785,-4323.767262904123
27592.38275935749,-4487.350693937426,4937.203170386989,2316.209194095291,-4780.510311831612
27592.3839291498,-4394.594347097481,4353.528968384669,2549.046084422571,-5184.514634056613
27592.38509477971,-4255.214574560671,3725.460553382886,2753.822568248831,-5531.594420463002
27592.38625616375,-4070.883580497166,3059.928356974278,2928.435111342994,-5818.206744938108
27592.38741327451,-3843.748041913429,2364.212409641537,3071.124955402074,-6041.49542657161
27592.38856609989,-3576.405949777715,1645.880452345177,3180.487390413847,-6199.304580742018
27592.38971469551,-3271.861223103025,912.6696051867725,3255.48821554455,-6290.201848402148
27592.39085910539,-2933.505136824359,172.4494033842993,3295.463806889112,-6313.476042728706
27592.39199944033,-2565.055184569599,-566.9139031632149,3300.129493754091,-6269.143567120705
27592.39313583042,-2170.523385755881,-1297.611664910749,3269.574572931811,-6157.93505234943
27592.39426845411,-1754.160567300174,-2011.993178841898,3204.256361874518,-5981.276793595215
27592.39539749823,-1320.422700797224,-2702.618641576589,3104.992150561338,-5741.271533318004
27592.3965231964,-873.9082390664803,-3362.357915429857,2972.944308589342,-5440.66278279791
27592.39764581057,-419.3152960924863,-3984.448042230837,2809.604309172608,-5082.799999193482
27592.39876563642,38.60962335152011,-4562.560079672868,2616.772413242104,-4671.594734633562
27592.39988300762,495.1218292376813,-5090.858041347277,2396.533984934268,-4211.470863312811
27592.40099827789,945.5181503724938,-5564.040852194899,2151.23805822329,-3707.32031543138
27592.40211182673,1385.184812167467,-5977.390933519848,1883.470311887742,-3164.447590889119
27592.40322407586,1809.647180212196,-6326.817205127799,1596.020630933275,-2588.504281881323
27592.40433545412,2214.596897634079,-6608.873275193458,1291.862360529203,-1985.447772408038
27592.40544642368,2595.940357138413,-6820.790884637007,974.115765406987,-1361.468564013961
27592.40655746167,2949.827208598019,-6960.492171528711,646.022241710186,-722.9397246806529
27592.40766904192,3272.678171260235,-7026.601900541908,310.91931272033,-76.3678349642496
27592.4087816406,3561.21892947898,-7018.459257827041,-27.79167029147089,571.6700103893093
27592.40989574719,3812.511103773029,-6936.120089596247,-366.6800176436243,1214.592699916046
27592.41101182606,4023.968872026162,-6780.356652765429,-702.3050343730347,1845.852397658533
27592.41213033284,4193.387877239255,-6552.652865627259,-1031.252200168252,2459.003768330017
27592.41325172795,4318.966738795996,-6255.187477000987,-1350.167838859915,3047.769419610785
27592.41437639985,4399.316877708618,-5890.838112401831,-1655.768081979312,3606.057658512208
27592.41550471976,4433.488689167143,-5463.151458023569,-1944.886512067471,4128.051823129021
27592.41663702927,4420.982545221408,-4976.318610276776,-2214.501236590709,4608.260599118988
27592.41777359758,4361.76084989458,-4435.163012182244,-2461.755836721554,5041.557539195287
27592.41891467232,4256.255572607895,-3845.081990809625,-2684.00216136635,5423.258969140065
27592.42006043486,4105.373344068289,-3212.023309721721,-2878.819870563678,5749.159955601588
27592.42121102575,3910.492977277793,-2542.422538052944,-3044.05008196692,6015.594355516827
27592.42236649296,3673.46941055245,-1843.176642189839,-3177.815315543806,6219.471310106428
27592.42352686518,3396.611085353426,-1121.537984270372,-3278.555148947485,6358.33585882535
27592.4246920714,3082.681184843391,-385.0929825198155,-3345.0400858976,6430.394127996511
27592.425861983,2734.86976659828,358.3389214650888,-3376.398255444768,6434.557100350714
27592.42703644369,2356.756624991936,1100.806531416135,-3372.131529776373,6370.464044540421
27592.42821521257,1952.295760814938,1834.276889280336,-3332.126731051185,6238.500352508115
27592.42939800789,1525.764381724917,2550.75283802763,-3256.66523403976,6039.807174592502
27592.43058450593,1081.719094520416,3242.363869679682,-3146.425310337442,5776.279104512305
27592.43177432721,624.952940178101,3901.451051169359,-3002.482000813161,5450.557527879196
27592.43296706264,160.4332844578291,4520.674884761671,-2826.298227114383,5066.0053976731
27592.43416226385,-306.7506606884599,5093.100286429259,-2619.713702823271,4626.67947109481
27592.43535947474,-771.4588797148714,5612.298272746562,-2384.922120083648,4137.2787612494
27592.43655819874,-1228.548287693249,6072.411680167199,-2124.454325918517,3603.107148413769
27592.43775794645,-1672.952401392579,6468.250018940258,-1841.141547077957,3029.995499492023
27592.4389582184,-2099.73532204771,6795.346602367168,-1538.086330533922,2424.241398389226
27592.44015851093,-2504.153663151266,7050.017898359393,-1218.625588515814,1792.533542841537
27592.44135833455,-2881.720109617733,7229.413852024331,-886.2864853907796,1141.863077806605
27592.44255721145,-3228.25601894139,7331.550762642642,-544.7448234830525,479.4410228417564
27592.44375467736,-3539.94189255299,7355.334993357022,-197.7805402796407,-187.3891564490295
27592.44495030635,-3813.368227838875,7300.573737428051,150.7747970659897,-851.2533412008045
27592.44614367597,-4045.565956116056,7167.973988696855,497.0737559874852,-1504.815572285178
27592.44733443983,-4234.053662948576,6959.122133330407,837.3195581850852,-2140.90432970212
27592.44852223486,-4376.846000144187,6676.470066305577,1167.783861621532,-2752.545900227339
27592.44970675726,-4472.487338495756,6323.290379479895,1484.871841234724,-3333.086022516164
27592.45088776556,-4520.059678117379,5903.622558631043,1785.162727412221,-3876.263788228536
27592.45206503378,-4519.183920858561,5422.232260263615,2065.435024859057,-4376.257177166462
27592.4532383658,-4470.022269494576,4884.54819952683,2322.706125622744,-4827.754443224399
27592.45440762282,-4373.269327506841,4296.580243551795,2554.269831613673,-5226.020017875244
27592.45557270292,-4230.137130603505,3664.851780688783,2757.718519074981,-5566.932054976074
27592.45673354246,-4042.335311078506,2996.319864950246,2930.966820314513,-5847.021910638574
27592.45789010015,-3812.049240857235,2298.30218930925,3072.268983322392,-6063.502005696228
27592.45904238956,-3541.904307317879,1578.372822928105,3180.238439173279,-6214.295452542699
27592.46019044621,-3234.937531988543,844.2952517930107,3253.854079406163,-6298.043069776038
27592.46133433187,-2894.560055707175,103.9337986827891,3292.468601383503,-6314.11263643719
27592.46247416142,-2524.507454473182,-634.8499104517637,3295.811511684068,-6262.596682682235
27592.46361007181,-2128.80406938357,-1364.261179783542,3263.985392995373,-6144.300389845551
27592.46474224114,-1711.710746752145,-2076.665784536002,3197.460098197875,-5960.723170196769
27592.46587085439,-1277.689616300061,-2764.646646547759,3097.065129887556,-5714.039610613076
27592.46699614551,-831.339896984568,-3421.104682486141,2963.974298392577,-5407.062085483677
27592.4681183947,-377.3484987290931,-4039.324182212288,2799.686783266761,-5043.199204926439
27592.46923789546,79.54569679366028,-4613.016706632541,2606.011479945117,-4626.422215337461
27592.47035497797,534.6092210059317,-5136.391819584174,2385.041948410873,-4161.211219195901
27592.47147000981,983.1612241585964,-5604.206464064966,2139.130666399145,-3652.501705125793
27592.47258338182,1420.612661569543,-6011.801598513025,1870.8651218932,-3105.635582968522
27592.4736955143,1842.511611689297,-6355.141861354171,1583.038576091834,-2526.301731755345
27592.47480683406,2244.575327007125,-6630.839601247185,1278.627049300929,-1920.489702331969
27592.4759178015,2622.738767069074,-6836.187942753575,960.7525025941877,-1294.41620786441
27592.47702889253,2973.182970594776,-6969.172519374208,632.6568926139406,-654.4741510188951
27592.4781405869,3292.364378404771,-7028.48315667724,297.6750953386653,-7.179479059864207
27592.4792533641,3577.044878903687,-7013.523059360059,-40.79446743404083,640.8861756420083
27592.48036769765,3824.319254076601,-6924.413139390218,-379.3190335971619,1283.13215124686
27592.48148406852,4031.643767154689,-6761.988520828387,-714.4666058207035,1913.026108005621
27592.48260291553,4196.85013281988,-6527.79852367004,-1042.82209209306,2524.12528270235
27592.48372468598,4318.176346354996,-6224.088518228187,-1361.033579671239,3110.1640968541
27592.48484976612,4394.276191945039,-5853.799798526026,-1665.823374226198,3665.075621260128
27592.4859785485,4424.242697095136,-5420.530379761988,-1954.038054982637,4183.084746436596
27592.4871113534,4407.616239669423,-4928.534434548296,-2222.658149525432,4658.726993859918
27592.48824845748,4344.399692535813,-4382.684432640083,-2468.837783102128,5086.921826442855
27592.48939008867,4235.066015708401,-3788.435654511337,-2689.934194958018,5463.026700998972
27592.49053643992,4080.559452467734,-3151.773962481928,-2883.539647328336,5782.894344199146
27592.49168762094,3882.300617652931,-2479.191510140649,-3047.501497991608,6042.909566699915
27592.49284369003,3642.179009389143,-1777.613569928378,-3179.956315206218,6240.049042327405
27592.4940046441,3362.543929287293,-1054.339806519163,-3279.353702638922,6371.922486497149
27592.49517042173,3046.188200030746,-316.9719574840278,-3344.479743401052,6436.811970189336
27592.49634090866,2696.324967989322,426.666246948351,-3374.476984917455,6433.703928656586
27592.49751591647,2316.567191733288,1168.597352782027,-3368.860630441599,6362.314817268412
27592.49869519645,1910.891963870553,1900.785810451516,-3327.533185187761,6223.111530770982
27592.49987845697,1483.596001323899,2615.239407063419,-3250.792280988695,6017.318207380177
27592.5010653866,1039.242350989113,3304.114408070788,-3139.330508189881,5746.907336300711
27592.50225558861,582.6362106720437,3959.769562605236,-2994.239049266929,5414.602307851982
27592.50344864193,118.7501525446832,4574.895810464843,-2816.997026940763,5023.846296166297
27592.50464411101,-347.336570663823,5142.609485090739,-2609.455807541852,4578.764394404433
27592.5058415328,-810.491717606758,5656.529989596384,-2373.822334218235,4084.12511909103
27592.50704039543,-1265.582377213192,6110.853724462606,-2112.64186405303,3545.30104043412
27592.50824022622,-1707.569814473587,6500.462701212148,-1828.751757545299,2968.170940825715
27592.50944049922,-2131.535222404807,6820.954249185497,-1525.269114163647,2359.093408555758
27592.51064073063,-2532.774190221721,7068.728138608716,-1205.532426938616,1724.787394457668
27592.51184043634,-2906.837033618885,7241.014998497521,-873.0715818062755,1072.271992934518
27592.51303913799,-3249.584656939574,7335.913050616727,-531.5647342183159,408.7803210266457
27592.51423637249,-3557.24119667816,7352.412649205291,-184.7917732755422,-258.3321694524457
27592.51543170285,-3826.441183653533,7290.406575205484,163.414208736076,-921.6820488574785
27592.51662473327,-4054.270377739135,7150.684738333693,509.2172521314433,-1573.954453324652
27592.5178150895,-4238.292871828353,6934.91983503238,848.8182598546625,-2207.978524559489
27592.51900244829,-4376.581240492189,6645.636669350749,1178.507830818253,-2816.826651067387
27592.52018651661,-4467.730638904498,6286.177538569765,1494.702810701802,-3393.882119926279
27592.52136703512,-4510.871639437654,5860.65647405051,1793.987916514314,-3932.915575481143
27592.52254377098,-4505.675973412182,5373.908276988383,2073.152198659332,-4428.151122512549
27592.52371656812,-4452.353703445613,4831.403696399903,2329.235420656666,-4874.348619921575
27592.52488527176,-4351.645034579016,4239.210703777148,2559.541228633395,-5266.826049327227
27592.52604979651,-4204.803306848178,3603.888597299002,2761.67946853348,-5601.532191707488
27592.5272100659,-4013.579649236896,2932.438422179981,2933.57744055872,-5875.064354986551
27592.52836605868,-3780.192570549218,2232.195541350081,3073.50760707796,-6084.712797015842
27592.52951778783,-3507.299440113597,1510.755166867387,3180.098185982876,-6228.475013703298
27592.53066529669,-3197.963202777312,775.8887596921404,3252.343581290994,-6305.068903847054
27592.53180865259,-2855.616661112146,35.46198427821537,3289.611091784594,-6313.938872387843
27592.53294798201,-2484.01014664172,-702.6738778376516,3291.643935634006,-6255.252560072624
27592.53408340274,-2087.188492364206,-1430.722047950782,3258.558106828303,-6129.891477977934
27592.53521508641,-1669.425310930179,-2141.062452334235,3190.837874962474,-5939.432031828271
27592.53634327709,-1235.165338461462,-2826.339584859638,3089.320512267022,-5686.108703578114
27592.53746817805,-789.0190019713127,-3479.46581704268,2955.191977694141,-5372.805435381842
27592.53859006622,-335.6702605156355,-4093.760988810892,2789.961992706874,-5002.995793708687
27592.53970926498,120.1628581419581,-4662.994932551396,2595.443286215413,-4580.699351273004
27592.54082608606,573.7522534911819,-5181.414219557011,2373.739515046647,-4110.456060514036
27592.54194091316,1020.440263965109,-5643.83428019766,2127.206020077209,-3597.242827207763
27592.5430541294,1455.654969410887,-6045.647305818239,1858.436776999903,-3046.447572133419
27592.54416616477,1874.971760427903,-6382.879074133375,1570.226414144257,-2463.791187176274
27592.54527744592,2274.134270981974,-6652.201587168362,1265.553416058744,-1855.293954214698
27592.54638844599,2649.110806881883,-6850.971661455687,947.5374078538418,-1227.189921801191
27592.54749962415,2996.108052135055,-6977.234465321289,619.4253966657132,-585.8999066082283
27592.5486114522,3311.614436286899,-7029.744936523808,284.5541225041627,62.04295782122199
27592.54972442625,3592.432632732942,-7007.972697520133,-53.68467273345732,710.0606644296897
27592.55083902586,3835.695459810325,-6912.101780640515,-391.8627852107286,1351.566231399084
27592.55195571225,4038.893146644292,-6743.032803920341,-726.5458240362573,1980.022370877137
27592.55307493737,4199.899311365779,-6502.3764539527,-1054.327093617397,2589.006349154603
27592.55419713086,4316.989535102784,-6192.443670327155,-1371.854830427559,3172.261798691674
27592.55532269352,4388.859625436371,-5816.231642911719,-1675.861537327309,3723.754200755013
27592.55645198026,4414.641688795234,-5377.409687881846,-1963.190850806307,4237.721617230425
27592.55758532317,4393.918911422618,-4880.28475390899,-2230.834863662384,4708.743737918052
27592.55872299827,4326.734959906325,-4329.781871760735,-2475.956447251336,5131.783391551476
27592.55986523574,4213.601893832692,-3731.402857960292,-2695.922610057556,5502.247357833155
27592.56101218508,4055.508033311293,-3091.201153119931,-2888.328340691058,5816.030283483041
27592.56216397175,3853.910970274068,-2415.70049503551,-3051.03619105923,6069.583915902162
27592.56332064722,3610.7372452695,-1711.863560609582,-3182.194271768751,6259.94918535614
27592.56448221083,3328.368670189536,-987.015443867529,-3280.265275837693,6384.805500086381
27592.565648589,3009.631089459982,-248.7855739393276,-3344.047515610479,6442.50627107276
27592.56681964502,2657.771537938242,494.9750924472517,-3372.697027620804,6432.114283276587
27592.56799519082,2276.427223380589,1236.284305365295,-3365.74456946856,6353.426551740619
27592.56917498353,1869.59282474691,1967.113417694946,-3323.107541566028,6206.989848368745
27592.57035873427,1441.578563928749,2679.483025612429,-3245.097530217296,5994.106822011832
27592.57154609778,996.9699364912873,3365.548998119835,-3132.424143283053,5716.835796873524
27592.57273668079,540.5763073229276,4017.701501933244,-2986.193576588105,5377.979252167866
27592.57393007549,77.36491446282778,4628.675450409282,-2807.896983020621,4981.051638773706
27592.57512582938,-387.5840341857834,5191.622910167526,-2599.400971579997,4530.254614400969
27592.57632345498,-849.1399313246932,5700.206081641717,-2362.929712785956,4030.434282376151
27592.57752247368,-1302.199315150561,6148.696146024813,-2101.033138888692,3487.011127899817
27592.57872238158,-1741.73360125912,6532.029956232922,-1816.564962894696,2905.932534706033
27592.57992267914,-2162.860763990092,6845.885759547345,-1512.64411345726,2293.591689246178
27592.58112285308,-2560.898054648334,7086.732863860436,-1192.622859360722,1656.761628032182
27592.58232242442,-2931.434765669304,7251.886253184533,-860.0346040620251,1002.489719205153
27592.58352091985,-3270.374627060839,7339.530229850343,-518.5586995172652,338.0275993757996
27592.58471788761,-3573.989334737206,7348.741700161671,-171.9721447038129,-329.2641006624872
27592.58591290615,-3838.963590806492,7279.497500218569,175.8982498481419,-992.0087317426753
27592.58710558205,-4062.431442941731,7132.669364820207,521.2208707116195,-1642.900078322779
27592.58829554192,-4242.006612546278,6910.0104893249,860.2022832345432,-2274.784172315879
27592.58948246466,-4375.812506992228,6614.123448283045,1189.140803175693,-2880.759806745775
27592.59066603817,-4462.494392149552,6248.431952017975,1504.457137811266,-3454.235299272048
27592.59184604111,-4501.23688705542,5817.109261986145,1802.756664722825,-3989.042193315866
27592.59302224673,-4491.760025797033,5325.050447875602,2080.841116446994,-4479.455593452414
27592.59419448561,-4434.321237017675,4777.789344528206,2335.759619892676,-4920.285187612357
27592.59536262591,-4329.7047161621,4181.434134785935,2564.83418711783,-5306.91878528718
27592.59652657789,-4179.205869612032,3542.589303169115,2765.687508518531,-5635.369021973438
27592.59768627221,-3984.613859312218,2868.287926534472,2936.262479541543,-5902.305064983769
27592.5988416907,-3748.181916896472,2165.891619187937,3074.846560558653,-6105.090644021397
27592.59999285367,-3472.597175097565,1443.011239669836,3180.083388203446,-6241.799394173115
27592.60113980454,-3160.949735011973,707.4303968834515,3250.98186371725,-6311.225556669879
27592.60228262706,-2816.690412318927,-32.99154013128509,3286.924166832217,-6312.890701301871
27592.60342141822,-2443.59718933443,-770.3877079354329,3287.666992323567,-6247.039978267881
27592.60455634359,-2045.71302399655,-1497.00340865349,3253.339784523485,-6114.627860176211
27592.60568758116,-1627.316904216151,-2205.240320183882,3184.437187380171,-5917.299590592855
27592.60681533735,-1192.871718767264,-2887.744380955326,3081.810284341514,-5657.366282624774
27592.60793985141,-746.9739435178815,-3537.481594658797,2946.652849378229,-5337.771479977627
27592.60906139483,-294.304657420555,-4147.805511765719,2780.484252527074,-4962.05200598953
27592.61018028661,160.4254297194006,-4712.526497386152,2585.126475340476,-4534.287280849174
27592.61129685437,612.5079201043266,-5225.946715287988,2362.687681794891,-4059.064370031682
27592.61241146645,1057.296037365383,-5682.926516020624,2115.532516332179,-3541.414584530718
27592.61352452588,1490.24652898133,-6078.921979161175,1846.255632716576,-2986.758917743867
27592.6146364528,1906.954874976694,-6410.01355541838,1557.657753676749,-2400.859149731309
27592.61574769046,2303.197758438014,-6672.938587062665,1252.715589564223,-1789.756754218912
27592.61685869702,2674.967590251168,-6865.112549628775,934.5543407269008,-1159.717792787233
27592.61796992733,3018.502307832723,-6984.645663328573,606.4229581525898,-517.183522289522
27592.6190818823,3330.333256773717,-7030.36032920001,271.6489167515357,131.3185249485809
27592.6201950506,3607.295676794725,-7001.788293559469,-66.37556247635632,779.2010843231815
27592.62130989615,3846.555677777227,-6899.178644577656,-404.2200456243079,1419.869268151755
27592.6224269016,4045.64611203805,-6723.493451218898,-738.4600054278263,2046.805392436615
27592.62354649327,4202.475049316736,-6476.409917752837,-1065.685333921446,2653.585895526017
27592.62466911711,4315.360299055585,-6160.296906922847,-1382.554141696852,3233.983038916226
27592.6257951763,4383.03675597898,-5778.208400162983,-1685.805076960377,3781.988353476408
27592.62692500761,4404.674908195371,-5333.875884292742,-1972.283222742951,4291.86212139794
27592.62805893472,4379.898080130913,-4831.664264677378,-2238.985983996565,4758.217921716063
27592.62919722272,4308.790589333246,-4276.555363456531,-2483.082212439867,5176.058228030727
27592.63034009477,4191.904900789607,-3674.102799555761,-2701.947006600238,5540.837484196268
27592.63148770977,4030.266378386087,-3030.398179919657,-2893.187074492201,5848.508051003563
27592.63264016821,3825.372666251854,-2352.017463167053,-3054.671536850082,6095.574740398507
27592.63379751445,3579.187261085215,-1645.960942667358,-3184.559752557827,6279.142985110448
27592.63495972083,3294.131998409028,-919.5977114179755,-3281.325253630534,6396.959907015271
27592.63612671462,2973.064440208052,-180.5771690422448,-3343.781567132114,6447.455876015295
27592.63729837454,2619.254575549651,563.2470779588257,-3371.099957182753,6429.771636302454
27592.63847448811,2236.370272149264,1303.872778722568,-3362.825240082079,6343.783627217062
27592.63965481403,1828.425231946889,2033.276055347704,-3318.890165029362,6190.119748394944
27592.64083905667,1399.746770814958,2743.485570484037,-3239.621700312896,5970.164485884031
27592.64202686117,954.9338701018411,3426.67250245299,-3125.745347507986,5686.058707551384
27592.64321785104,498.7941858034611,4075.26569094808,-2978.379872425508,5340.678571541718
27592.64441158609,36.30670609275047,4682.020082851652,-2799.034312628001,4937.623204673881
27592.6456076174,-427.4558080126861,5240.136658321089,-2589.588644146347,4481.165982067152
27592.64680546349,-887.3767929273026,5743.334397051113,-2352.278232430631,3976.217603907578
27592.64800464025,-1338.367820394154,6185.942766546757,-2089.664888519997,3428.261383896067
27592.64920463541,-1775.419771661584,6562.963343190856,-1804.613848981745,2843.30284417917
27592.65040495258,-2193.679578829567,6870.148980261174,-1500.251432233373,2227.780384446804
27592.65160508858,-2588.500306835315,7104.048664363956,-1179.933426427803,1588.499854381072
27592.65280456213,-2955.506802815251,7262.056775376815,-847.1980129687446,932.5388915188337
27592.6540028841,-3290.638870907831,7342.439862758082,-505.731526345082,267.1781015651645
27592.65519962755,-3590.219218014498,7344.361716674748,-159.3044719408186,-400.2249043470717
27592.65639436244,-3850.976752673419,7267.883511914206,188.2553400137109,-1062.287618257692
27592.65758669587,-4070.094780627029,7113.961837244045,533.1197929853088,-1711.712587317044
27592.65877626528,-4245.239494834195,6884.431066833337,871.503827017323,-2341.36960835121
27592.65996275772,-4374.586122533158,6581.970600533346,1199.715000937754,-2944.388407614788
27592.66114589041,-4456.832235528416,6210.068694873205,1514.19017677382,-3514.22618266258
27592.6623254057,-4491.209218915202,5772.978441740709,1811.534699836458,-4044.739184431378
27592.66350110451,-4477.48728015575,5275.649299673042,2088.568493037424,-4530.265239711864
27592.66467282242,-4415.969935589628,4723.669433574678,2342.353585957301,-4965.671532493269
27592.66584042178,-4307.486188100293,4123.200190568562,2570.223605890366,-5346.405378753732
27592.66700381046,-4153.374446557024,3480.891480143649,2769.814945969261,-5668.546349723669
27592.66816294312,-3955.459572999161,2803.798926031163,2939.088926387254,-5928.841176688244
27592.66931779538,-3716.030602837528,2099.315190079017,3076.346396207899,-6124.725432097783
27592.67046840005,-3437.803088143051,1375.063118496615,3180.246995301429,-6254.350435958359
27592.67161479409,-3123.895697825119,638.8420249039614,3249.813660254291,-6316.586862487483
27592.6727570765,-2777.777663783363,-101.4949081410155,3284.443895603986,-6311.034629982709
27592.67389535184,-2403.242165072172,-838.0900268229893,3283.908018358426,-6238.014784452107
27592.67502977974,-2004.347189653493,-1563.196672932609,3248.348603228746,-6098.557208737511
27592.67616054129,-1585.379383505849,-2269.237903868898,3178.273169420239,-5894.380808287531
27592.67728786293,-1150.797809530841,-2948.898217305562,3074.543010220033,-5627.862999553779
27592.67841198709,-705.1964099145376,-3595.177420052628,2938.361421685385,-5302.011708941078
27592.67953319314,-253.247505076228,-4201.470887902169,2771.255483685827,-4920.422326405176
27592.6806517904,200.3439925051932,-4761.626560140488,2575.056566877155,-4487.234447703755
27592.68176811546,650.8869773287008,-5269.998984102384,2351.878392471887,-4007.084158058123
27592.6828825453,1093.755481651284,-5721.503477186039,2104.089440565173,-3485.045378730973
27592.68399547095,1524.422291754128,-6111.646276186423,1834.291762671961,-2926.585888863613
27592.68510731347,1938.507509199444,-6436.567364370352,1545.289924894955,-2337.503049818024
27592.68621852323,2331.817590040217,-6693.067362478704,1240.061607708648,-1723.864262881671
27592.68732955666,2700.374053516624,-6878.624167335447,921.7341502289851,-1091.959872490403
27592.68844087632,3040.449292129294,-6991.413089282782,593.5549156509968,-448.2437928110999
27592.68955298336,3348.608212600979,-7030.320248776303,258.8509146741073,200.74592668174
27592.6906663483,3621.717071406955,-6994.942680013844,-78.98133654020825,848.4069603702253
27592.69178146353,3856.986014606322,-6885.593387477262,-416.5221555245759,1488.162837666863
27592.69289879485,4051.981752278796,-6703.298831460111,-750.3448363587515,2113.494131933355
27592.69401877186,4204.651922847231,-6449.798686628547,-1077.044019796008,2717.993450889819
27592.69514183986,4313.353309072381,-6127.522601728751,-1393.282098770307,3295.452907038468
27592.69626839567,4376.859727754174,-5739.585327058078,-1695.801201799085,3839.887063126903
27592.69739877526,4394.381353047327,-5289.775395448223,-1981.452248838689,4345.588144356782
27592.69853328935,4365.581059721601,-4782.517014360915,-2247.236351121051,4807.202364369659
27592.6996721949,4290.583353006772,-4222.847239634497,-2490.328596162647,5219.773808408895
27592.70081571816,4169.979253981483,-3616.365329210852,-2708.113551708092,5578.808108083114
27592.70196398834,4004.835720612485,-2969.222053465239,-2898.202467550094,5880.304820437953
27592.70311710248,3796.688890544609,-2288.034304978823,-3058.47577009982,6120.831056824
27592.70427510745,3547.537072701283,-1579.833388100546,-3187.105404625549,6297.559605215855
27592.70543798407,3259.831930063035,-852.0086930361831,-3282.577806512204,6408.307775806708
27592.70660562802,2936.468189573997,-112.2484272001725,-3343.716905396295,6451.575987562643
27592.70777789028,2580.751571300498,631.5641883215421,-3369.70813247099,6426.583763929713
27592.70895459013,2196.363891432866,1371.443199053538,-3360.112359733027,6333.287426656683
27592.71013544986,1787.349776811802,2099.346358042086,-3314.877885527017,6172.398616456872
27592.7113201838,1358.048021799721,2807.321800657675,-3234.34731912363,5945.382800634103
27592.71250843126,913.0693245205405,3487.558969370002,-3119.261811149393,5654.462295203604
27592.71369979931,457.2321067648313,4132.508191855332,-2970.757151599822,5302.596609451498
27592.71489385864,-4.489719784167161,4734.96978673283,-2790.355763765613,4893.45790667411
27592.71609015529,-467.0279847509233,5288.18912347643,-2579.951777939727,4431.392463638936
27592.71728821346,-925.280342719343,5785.941994580908,-2341.791729121823,3921.374622526386
27592.71848753836,-1374.171705397814,6222.61462226722,-2078.450530884697,3368.952129091012
27592.71968762408,-1808.718047825909,6593.278558017395,-1792.801686199451,2780.180828325614
27592.72088795923,-2224.088812749654,6893.755724242752,-1487.983312780231,2161.552247523452
27592.72208805149,-2615.673665095344,7120.676499020476,-1167.355016281341,1519.904195389498
27592.72328742287,-2979.135337651324,7271.516830438384,-834.4585331388023,862.3407392647364
27592.72448560025,-3310.458482935364,7344.627098217983,-492.9781385851576,196.1525484644339
27592.7256821277,-3606.001558773044,7339.253758127525,-146.6932713339567,-471.2770582115393
27592.72687660309,-3862.547127470237,7255.543165886593,200.5775241201576,-1132.581003682696
27592.72806862708,-4077.325142086637,7094.535088294757,545.0073874539455,-1780.467551445384
27592.72925784239,-4248.052528348369,6858.144628650121,882.8176970787724,-2407.827915581882
27592.73044393888,-4372.955329345808,6549.128816184217,1210.323443383372,-3007.820720346861
27592.73162663547,-4450.781996017383,6171.049968100979,1523.970235501555,-3573.939975311794
27592.7328056864,-4480.814572102006,5728.22657659858,1820.376238577093,-4100.091261664293
27592.73398089519,-4462.871607846009,5225.670100919454,2096.372841498513,-4580.663994681405
27592.7351520987,-4397.303460685622,4669.025275739416,2349.034418277642,-5010.582982577484
27592.73631916838,-4284.983182610967,4064.499340303837,2575.709518240044,-5385.361571429646
27592.73748201402,-4127.290661580514,3418.783917998119,2774.048574686838,-5701.147283149151
27592.73864059999,-3926.087757748067,2738.964165713723,2942.028687842298,-5954.760456417998
27592.73979491174,-3683.69603421096,2032.453667950302,3077.966221707981,-6143.712010158206
27592.74094496051,-3402.866957219398,1306.907780265394,3180.533395989086,-6266.226652197702
27592.74209082683,-3086.735178654691,570.1092577496074,3248.771618066391,-6321.256878638468
27592.74323258976,-2738.796888175597,-170.0732913017141,3282.090907725235,-6308.477671337769
27592.74437036805,-2362.858575831539,-905.7963841864887,3280.275992112441,-6228.286816366877
27592.74550433062,-1962.987558332724,-1629.331831097617,3243.482161625258,-6081.787582774474
27592.74663465602,-1543.479204533266,-2333.120692989426,3172.229127330196,-5870.771284247463
27592.74776157664,-1108.793735562053,-3009.87755647109,3067.389286261718,-5597.683760957045
27592.7488853375,-663.522842293295,-3652.636558126746,2930.17619517412,-5265.598302907777
27592.75000622135,-212.3318522125851,-4254.833599831897,2762.126042212396,-4878.171239390406
27592.75112454401,240.0868982080766,-4810.363817725163,2565.077510908128,-4439.596967635866
27592.75224063654,689.0540596919855,-5313.627718803561,2341.152650046309,-3954.566071386681
27592.75335487967,1129.963044903406,-5759.595635989826,2092.725604368716,-3428.198046184723
27592.75446768199,1558.314807752216,-6143.83642727098,1822.399240454881,-2865.992973933232
27592.75557945721,1969.750874412183,-6462.545425093257,1532.983360004537,-2273.786311716841
27592.75669066092,2360.106724654977,-6712.585247809462,1227.456883396918,-1657.671353634838
27592.75780174702,2725.432615609389,-6891.495494510546,908.9494497379976,-1023.962418672256
27592.758913191,3062.03669711416,-6997.516214002682,580.7052708510914,-379.1223124718176
27592.76002546824,3366.509919022643,-7029.595595416895,246.0588031973456,270.2857529736079
27592.76113907374,3635.760872656211,-6987.396477061479,-91.60181705135545,917.6697479443094
27592.76225447388,3867.030403057026,-6871.297622396034,-428.8509394990705,1556.44048757021
27592.76337213703,4057.925057218076,-6682.391519106267,-762.2654977235794,2180.089130801191
27592.764492514,4206.434869573621,-6422.476890060959,-1088.450044668141,2782.235040824623
27592.7656160282,4310.952693670608,-6094.048980772368,-1404.064899627692,3356.679412976363
27592.76674306208,4370.292191148246,-5700.288101443586,-1705.853768983407,3897.45769700343
27592.76787397877,4383.705117518092,-5245.030567322426,-1990.680961336302,4398.908664492626
27592.76900906201,4350.893383061042,-4732.764994986974,-2255.547540380213,4855.705501518471
27592.77014857152,4272.021185147617,-4168.578456691434,-2497.637217888512,5262.938973510407
27592.77129271119,4147.720495545184,-3558.128921848188,-2714.33898595219,5616.158463553458
27592.77244162188,3979.095284440142,-2907.603935644264,-2903.276425250547,5911.424421239434
27592.77359538663,3767.719788219828,-2223.665492455188,-3062.338265763701,6145.361738290636
27592.77475404145,3515.628991625292,-1513.383130471913,-3189.706878327124,6315.207845796518
27592.77591754313,3225.313103164961,-784.1867927924659,-3283.8797181115,6418.849295476894
27592.77708580258,2899.693217891619,-43.77362269073183,-3343.696175083346,6454.863819743425
27592.77825866405,2542.102750054612,699.9582451216002,-3368.355165245493,6422.547371063568
27592.77943593214,2156.250440208286,1439.010617158474,-3357.431872170956,6321.935755747252
27592.78061732601,1746.200510822776,2165.344610434965,-3310.889826714728,6153.821693273435
27592.78180252759,1316.317584558507,2871.002854729615,-3229.089242143651,5919.757841930283
27592.78299119382,871.2156146175147,3548.208775621521,-3112.786461562057,5622.045066301213
27592.78418292482,415.7196296719277,4189.44023433727,-2963.133127326109,5263.722884356582
27592.78537728606,-45.19579377171725,4787.534886617385,-2781.667096200251,4848.540500450236
27592.78657382478,-506.4698004881015,5335.786827863893,-2570.296186259736,4380.914873126199
27592.78777206173,-963.0110729827236,5828.025835652571,-2331.280291769047,3865.887457452592
27592.78897149006,-1409.757904939057,6258.696715013201,-2067.208621839653,3309.071467896124
27592.79017162805,-1841.758441884981,6622.948481162319,-1780.959341720258,2716.564028042846
27592.79137196305,-2254.209362107707,6916.674827802293,-1475.678666058806,2094.901132648899
27592.79257199653,-2642.530603091302,7136.581713549471,-1154.734133527888,1450.959755428569
27592.79377124015,-3002.418784966672,7280.225355939984,-821.6751158194152,791.8771073107996
27592.7949692347,-3329.903870667415,7346.042313808839,-480.1848838916895,124.9544179284558
27592.79616553338,-3621.390475279193,7333.363392151677,-134.0409300865876,-542.4215920449551
27592.79735972009,-3873.704393058545,7242.419731094091,212.9354008076284,-1202.877053831098
27592.79855140939,-4084.127551562404,7074.334285576607,556.924488776406,-1849.138449383421
27592.7997402531,-4250.427983362234,6831.10125337378,894.1553680807327,-2474.121405970522
27592.8009259448,-4370.882022819284,6515.553508158905,1220.950732742606,-3071.014455004028
27592.80210819154,-4444.287638975551,6131.330521964906,1533.761361144674,-3633.342388560363
27592.80328675876,-4469.978238396792,5682.816903748459,1829.218494430397,-4155.061072818645
27592.80446145705,-4447.821369607839,5175.084505338679,2104.166570688776,-4630.614671067859
27592.8056321282,-4378.214183714825,4613.832363709163,2355.693480425603,-5054.98781604235
27592.80679864701,-4262.074166132036,4005.315696266217,2581.161819898724,-5423.758483751731
27592.80796094285,-4100.820271283023,3356.257312929467,2778.239418004675,-5733.147500629109
27592.80911897262,-3896.352984464269,2673.780161123209,2944.916109980614,-5980.043767206309
27592.81027271618,-3651.030133118988,1965.327873120986,3079.522686813045,-6162.032339474286
27592.81142221888,-3367.626223895211,1238.552823408575,3180.749958112914,-6277.41911217034
27592.81256753934,-3049.307120260748,501.2613391477753,3247.651793898658,-6325.230809904668
27592.81370877903,-2699.584649816514,-238.6904100282532,3279.65406936687,-6305.220912503668
27592.81484606624,-2322.278668103098,-973.471054152292,3276.554825398081,-6217.861820576012
27592.81597955207,-1921.47465468801,-1695.354322048619,3238.522595512532,-6064.332818243424
27592.81710943898,-1501.467199418312,-2396.81709095016,3166.088861031978,-5846.494677752919
27592.81823595318,-1066.721492611005,-3070.597269169933,3060.137634821478,-5566.863122711615
27592.81935934193,-621.8267469416887,-3709.764121941891,2921.893046207725,-5228.577011156949
27592.82047989616,-171.4389089677178,-4307.797644602369,2752.899845882444,-4835.351780494103
27592.82159793738,279.7623848649401,-4858.64019732427,2555.004030911764,-4391.436159870176
27592.8227138023,727.1144150647192,-5356.743471105578,2330.333537443579,-3901.569493539189
27592.82382787535,1166.029982745216,-5797.131334010318,2081.267432961626,-3370.915017836032
27592.82494055392,1592.027041890528,-6175.424384337398,1810.416083864065,-2805.018581814497
27592.82605226415,2000.776535980533,-6487.881537234491,1520.590263197332,-2209.744052445842
27592.82716344651,2388.136136197649,-6731.423331660667,1214.775809081574,-1591.221457643719
27592.828274574,2750.193140039666,-6903.657459336335,896.0989544220955,-955.7768171732669
27592.82938612963,3083.289902098049,-7002.887768317293,567.802161267975,-309.8841101938056
27592.83049857753,3384.047794947182,-7028.125184343147,233.2227997762276,339.8774847734776
27592.8316124105,3649.410736215796,-6979.097609991702,-104.2515188947746,986.9113885060899
27592.83272809392,3876.656816068134,-6856.249005708393,-441.1969500995869,1624.630931517013
27592.83384610551,4063.432427692353,-6660.734101110509,-774.196168063868,2246.541754443715
27592.83496688753,4207.764644774405,-6394.414837280778,-1099.854811302891,2846.273533650347
27592.83609084604,4308.084327700752,-6059.852732033217,-1414.832815048585,3417.640030588659
27592.83721837652,4363.246795252836,-5660.284231065008,-1715.883004292087,3954.711257234229
27592.83834980701,4372.543478034639,-5199.616622078724,-1999.867013879843,4451.844107671714
27592.83948543491,4335.718481799693,-4682.38949113131,-2263.797349542557,4903.759642758715
27592.84062551794,4252.9762062632,-4113.741916753834,-2504.86565435471,5305.594330062519
27592.84177023935,4124.990081736758,-3499.389772366218,-2720.466282401157,5652.943340111457
27592.84291975036,3952.901547544355,-2845.557741214838,-2908.235392694884,5941.928714204739
27592.8440741314,3738.321054003825,-2158.945637526447,-3066.072054583869,6169.236608520695
27592.84523340311,3483.320489815948,-1446.662861448161,-3192.168291557658,6332.168193991915
27592.84639751193,3190.4245893967,-716.1703456227524,-3285.033502861887,6428.680508978146
27592.84756636512,2862.584625604545,24.81503762103648,-3343.520569742584,6457.426273268486
27592.84873980036,2503.161611553963,768.3811343521197,-3366.842301367064,6417.77895695616
27592.84991759585,2115.894964506937,1506.511345333066,-3354.588892682588,6309.85633999828
27592.85109948724,1704.86170656096,2231.183919832711,-3306.739410813876,6134.531513192819
27592.85228515534,1274.439691665151,2934.45553982576,-3223.668652627384,5893.43667354339
27592.85347423116,829.2607041234728,3608.557816146599,-3106.149899722087,5588.957465699992
27592.85466631709,374.1524307222419,4246.002577671393,-2955.349968526815,5224.211360641985
27592.85586096641,-85.90783601373217,4839.662230011627,-2772.823115598198,4803.026621180956
27592.85705771628,-545.8628305283078,5382.876180085813,-2560.493292897159,4329.895692726833
27592.85825609679,-1000.638008671665,5869.536290973701,-2320.632035630933,3809.922489672028
27592.85945561594,-1445.195766302866,6294.156251639721,-2055.836665710565,3248.772090126058
27592.86065576899,-1874.59942424639,6651.946184675753,-1769.000257292794,2652.603845464764
27592.86185604427,-2284.075267031083,6938.876612453643,-1463.277555443316,2027.997836269572
27592.86305596225,-2669.083267313601,7151.737228363212,-1142.037718979488,1381.85638740169
27592.86425502928,-3025.355808444453,7288.164698767805,-808.8358874698985,721.3455387752992
27592.86545278633,-3348.964381221207,7346.679868652794,-467.3578096158943,53.78327880479901
27592.86664878875,-3636.359022199436,7326.69920711481,-121.3808694229258,-613.4375459489568
27592.86784263658,-3884.416263898537,7228.537725802114,225.2798475807917,-1272.954300646957
27592.86903394032,-4090.465686244795,7053.401032775075,568.8070640917017,-1917.502732171566
27592.87022235576,-4252.326117589902,6803.363405076695,905.4363444265235,-2540.021307062189
27592.87140756944,-4368.324247657109,6481.33746252017,1231.495673132169,-3133.724665110199
27592.8725893155,-4437.311368542129,6091.02830946491,1543.452086314751,-3692.188912354665
27592.87376736794,-4458.669644588255,5636.883201131036,1837.948794935545,-4209.417977645664
27592.87494152002,-4432.31426804611,5124.041875021184,2111.837138083082,-4679.900022274336
27592.87611162476,-4358.689164685864,4558.25447006657,2362.22029262586,-5098.682814214128
27592.87727756553,-4238.755266632619,3945.820267397995,2586.47598732185,-5461.410856871948
27592.87843926563,-4073.973586474131,3293.506391420084,2782.285081754328,-5764.371509195416
27592.8795966919,-3866.281630222973,2608.463817714725,2947.654009974216,-6004.528882129964
27592.88074984707,-3618.066541056073,1898.14722646952,3080.931148656381,-6179.546388709066
27592.88189876215,-3332.135293074057,1170.234438178199,3180.82001198296,-6287.803069314558
27592.88304350844,-3011.676308297904,432.5327014283525,3246.390291940687,-6328.404173118061
27592.88418420202,-2660.217717727146,-307.1104470791024,3277.082289730998,-6301.179438793367
27592.88532095792,-2281.599582250833,-1040.861916594867,3272.707148922779,-6206.677242024017
27592.88645394956,-1879.911452313183,-1761.024028542901,3233.446135307956,-6046.149100094128
27592.88758337089,-1459.457540149797,-2460.089454128171,3159.842808553478,-5821.528108357399
27592.88870945215,-1024.703871872723,-3130.82672302313,3052.792405833138,-5535.398355990687
27592.889832458,-580.2305050143414,-3766.349241874797,2913.52732457331,-5190.958680661365
27592.89095267371,-130.6888310119771,-4360.172861199724,2743.601718431387,-4791.986013168431
27592.89207042356,319.2533646810145,-4906.285856094554,2544.869236347549,-4342.783942376514
27592.89318604384,764.9478702599444,-5399.188952807182,2319.465028893003,-3848.143029243694
27592.89429992485,1201.828144981473,-5833.961679773376,2069.773012791939,-3313.269430718645
27592.89541245851,1625.431830582441,-6206.279374820343,1798.409850468128,-2743.751673749193
27592.89652406674,2031.453594233965,-6512.460460490449,1508.191643752739,-2145.490351019844
27592.89763522412,2415.791149248122,-6749.495717244298,1202.097864104419,-1524.624552891151
27592.89874638244,2774.55417105595,-6915.049746360075,883.2619055533529,-887.513124470302
27592.89985801029,3104.113612979657,-7007.490447755412,554.9313038982135,-240.6538410248704
27592.90097060591,3401.135580498073,-7025.896755011447,220.4329907222137,409.3851148671711
27592.902084644,3662.594625992364,-6970.059799827285,-116.8414249976348,1055.994119836469
27592.90320060077,3885.808478054871,-6840.48694861684,-453.4735972410166,1692.59640108731
27592.90431894193,4068.459133338157,-6638.397243085506,-786.0456335352306,2312.700492896423
27592.90544009793,4208.611724338603,-6365.718498654231,-1111.163714055092,2909.945973820785
27592.90656449975,4304.739752613375,-6025.066641888822,-1425.499674272095,3478.181880394346
27592.90769249388,4355.735138871162,-5619.752712705251,-1725.798482393168,4011.482353569415
27592.90882442946,4360.932392118973,-5153.73534813599,-2008.934553217267,4504.250370588151
27592.90996061228,4320.115101811597,-4631.603348275712,-2271.929620525109,4951.250588432797
27592.91110127027,4233.528236175659,-4058.559411767924,-2511.976668017537,5347.654053903238
27592.91224659447,4101.883933769847,-3440.362121516002,-2726.48112081393,5689.111339677684
27592.91339672286,3926.362694760685,-2783.284701275622,-2913.086719231679,5971.79799036941
27592.91455172362,3708.613460486288,-2094.070663992999,-3069.701952128667,6192.460660852112
27592.91571161076,3450.74414883571,-1379.864162285078,-3194.530439522467,6348.467846206569
27592.91687633731,3155.309595357609,-648.1458747719603,-3286.095013006769,6437.849036325882
27592.91804577917,2825.298041738864,93.33084802995381,-3343.259959348578,6459.330315808595
27592.91921979106,2464.09131807113,836.6555043932117,-3365.25340523946,6412.363982712651
27592.92039812986,2075.456767842456,1573.796974372787,-3351.67965259469,6297.148169754674
27592.92158053115,1663.488835230364,2296.74081502016,-3302.532906222229,6114.636985783241
27592.9227666767,1232.577504265314,2997.559827632414,-3218.202555601236,5866.542286786539
27592.92395617773,787.3694985414006,3668.498229019094,-3099.478137194506,5555.33315193689
27592.92514862472,332.6998354061428,4302.094871681882,-2947.543054186237,5184.208805509545
27592.92634358568,-126.4624848624034,4891.271617603785,-2763.964019861623,4757.067408153533
27592.92754058514,-585.0635270615178,5429.410674339739,-2550.680065285854,4278.475296407824
27592.92873914627,-1038.039691110218,5910.458039784857,-2309.976587342559,3753.604019469202
27592.92993875907,-1480.365890309726,6328.985962231176,-2044.466534641822,3188.18612815721
27592.93113893616,-1907.13658363705,6680.282550899095,-1757.049536973685,2588.42487763352
27592.93233915979,-2313.605579470036,6960.392844374261,-1450.890116531221,1960.946763443516
27592.93353895655,-2695.269249838223,7166.188412161448,-1129.362382340607,1312.685591790609
27592.93473783818,-3047.900067045128,7295.389763680482,-796.0244338340658,650.8298357027074
27592.93593534601,-3367.611581300594,7346.602430464022,-454.5643256151853,-17.2868194623652
27592.9371310479,-3650.901936689098,7319.328227298781,-108.75622620544,-684.2721740153418
27592.938324551,-3894.695890571511,7213.965124968614,237.5884633943168,-1342.770608070812
27592.93951546834,-4096.371789020656,7031.800162698764,580.6566361447281,-1985.531448619134
27592.9407034571,-4253.798240757393,6774.986996172811,916.689439316573,-2605.515074357558
27592.94188820858,-4365.352766253689,6446.513664065449,1242.02309429253,-3195.968473874746
27592.94306945139,-4429.936728859625,6050.159717061779,1553.131730789525,-3750.503398812999
27592.94424696369,-4446.982981390451,5590.439545614195,1846.669971000608,-4263.172327341821
27592.94542055746,-4416.455319335035,5072.547068638658,2119.505180073756,-4728.524541929756
27592.94659008444,-4338.843491009024,4502.28712940695,2368.752470545725,-5141.665892403695
27592.9477554381,-4215.151111467322,3886.001309223509,2591.804784058726,-5498.308301354803
27592.94891653407,-4046.880781548043,3230.500906156975,2786.355464270377,-5794.80556308521
27592.95007336186,-3836.003757262542,2542.956153035255,2950.428921947401,-6028.199410623681
27592.95122591709,-3584.941419923683,1830.849814891716,3082.386703528374,-6196.225782464693
27592.95237424296,-3296.527249390715,1101.868274899979,3180.948107811993,-6297.341561167425
27592.95351841606,-2973.972814219303,363.8233796870586,3245.197168499727,-6330.728623656405
27592.95465853837,-2620.831000734695,-375.427976867541,3274.587778320568,-6296.293971406281
27592.95579474921,-2240.950483351723,-1108.076015080792,3268.945624682819,-6194.662184421266
27592.95692722004,-1838.432301115689,-1826.43690261473,3228.464645140663,-6027.158852129076
27592.95805615729,-1417.58238663044,-2523.033292402994,3153.699794715102,-5795.786599095428
27592.95918179556,-982.8665151268063,-3190.664764105621,3045.556620909861,-5503.196128878825
27592.96030439204,-538.8647413406335,-3822.475134310276,2905.278382116982,-5152.652852548547
27592.96142424616,-90.21565264929966,-4412.028688436807,2734.426635013966,-4747.989700328662
27592.9625416723,358.4203967361819,-4953.354193328263,2534.864718963602,-4293.569513495601
27592.96365703026,802.4199320148795,-5441.013464344513,2308.730409752675,-3794.223339971705
27592.96477069402,1237.228806341026,-5870.132190890039,2058.416575952626,-3255.208908708162
27592.96588306934,1658.412367795494,-6236.448197384737,1786.541605429877,-2682.147060017303
27592.96699458751,2061.693734698184,-6536.341084734147,1495.922577477942,-2080.965787512868
27592.96810569855,2442.989690403253,-6766.856650349971,1189.548094166486,-1457.844243762764
27592.96921686715,2798.445323835705,-6925.726960956164,870.5499808216663,-819.1550709572221
27592.97032857621,3124.468459075332,-7011.385352896703,542.1722088516236,-171.4019555504892
27592.97144131606,3417.756668478884,-7022.97339496828,207.7436592077445,478.8343788599739
27592.97255554938,3675.317650269248,-6960.34756108519,-129.3415650346052,1124.935509858162
27592.97367177435,3894.511274780788,-6824.077950130137,-465.6737854451753,1760.341790499217
27592.9747904315,4073.05276203329,-6615.44991369983,-797.8304260124395,2378.558075385369
27592.97591197268,4209.0496506995,-6336.449422564375,-1122.42771221089,2973.252513243759
27592.97703679281,4301.01107911501,-5989.762527318684,-1436.131745417504,3538.278296031961
27592.97816528267,4347.872163682568,-5578.744699828679,-1735.705104217039,4067.760546464703
27592.97929775598,4349.004336159342,-5107.421418496433,-2018.018479888717,4556.11929172209
27592.98043450988,4304.231388324347,-4580.438850088002,-2280.09870674459,4998.156759975318
27592.98157577104,4213.838017973701,-4003.050450336104,-2519.146654276271,5389.090713500515
27592.9827217143,4078.576660671107,-3381.069163838749,-2732.573636461005,5724.619359525891
27592.98387247983,3899.665337454326,-2720.808457540878,-2918.034027940362,6000.977466032362
27592.98502811629,3678.792316230282,-2029.059123626087,-3073.444487519338,6214.970990570813
27592.98618863917,3418.099576124878,-1312.994543513027,-3197.021172684291,6364.037545501715
27592.98735398578,3120.177209933057,-580.1284351854238,-3287.298397623531,6446.277462745462
27592.9885240395,2788.040002231279,161.7745141278433,-3343.154647305791,6460.493133440139
27592.98969863547,2425.100181499588,904.7830540272359,-3363.831189715808,6406.2145680396
27592.99087753895,2035.14349642171,1640.870969080324,-3348.946928116302,6283.719246154455
27592.99206046624,1622.287411419628,2362.019637642566,-3298.510915322091,6094.043452741015
27592.99324707915,1190.941557711369,3060.306833814734,-3212.929299762267,5838.984506713868
27592.99443700536,745.7541135050835,3728.012258270945,-3093.0058820623,5521.088409188463
27592.99562982382,291.5663133389304,4357.702119303694,-2939.939649127629,5143.634242851929
27592.99682510661,-166.6577708916781,4942.342331473743,-2755.310604994934,4710.592155020659
27592.99802235826,-623.8653481884625,5475.355721089328,-2541.07423283805,4226.605190620541
27592.99922111252,-1075.011083047064,5950.750940224303,-2299.52650703277,3696.904754694327
27593.00004669423,-1379.355440906461,6241.623625581565,-2118.783407883351,3308.80715321163
