DefaultSC.A1ModJulian,DefaultSC.EarthMJ2000Eq.X,DefaultSC.gse.X,DefaultSC.gse.Y,DefaultSC.gse.Z
27592.00004669423,3340.417771638894,-1901.017278245946,-2760.523427313188,6392.624165009663
27592.00074113868,3160.665002331407,-1471.38501470393,-2800.022296228706,6500.024331541078
27592.00182615363,2856.152118365585,-789.6315110290934,-2840.489870401009,6618.386090809876
27592.00298394616,2502.402027858582,-54.36800996903548,-2854.93991885322,6677.599490069485
27592.00415408178,2118.54334022145,689.2281973262834,-2839.480275804304,6666.979212895269
27592.00532958001,1710.511419011908,1428.875849057226,-2793.899626806159,6585.603988824982
27592.00650943263,1282.850880118047,2156.066661051265,-2718.549630927486,6434.004025961603
27592.00769324714,840.1579217351884,2862.786553524945,-2614.124766563697,6213.531942994789
27592.00888069298,387.1968688223499,3541.253287643378,-2481.646039011959,5926.315527351667
27592.01007136257,-71.10293034174407,4183.924251025554,-2322.461904711242,5575.26012765812
27592.01126485264,-529.7335349555449,4783.634135704398,-2138.227749634767,5164.005203634461
27592.01246069538,-983.6399802303132,5333.646359463766,-1930.899078509124,4696.910010100093
27592.0136584199,-1427.803393097835,5827.769715412223,-1702.702755924897,4178.990036343845
27592.01485754492,-1857.29768008724,6260.430277227836,-1456.113020627919,3615.863062064522
27592.01605756838,-2267.345086997461,6626.738275666949,-1193.825918105415,3013.691301587341
27592.01725798745,-2653.381462342936,6922.558230070381,-918.7244217646394,2379.101807306634
27592.018458313,-3011.115823084792,7144.563295173175,-633.8410588042623,1719.100462639401
27592.019658055,-3336.577344557905,7290.272491013558,-342.3252029902591,1040.996308856942
27592.02085675006,-3626.170693657641,7358.08480131004,-47.39894997505041,352.2989977438488
27592.02205393527,-3876.711745081102,7347.29461117089,247.6751128970199,-339.3565281163631
27592.02324920215,-4085.476148550748,7258.098240634666,539.6460725877478,-1026.332366487951
27592.02444215346,-4250.219318763709,7091.585407822972,825.3025711792832,-1701.053595995305
27592.02563243033,-4369.205478488183,6849.72042518968,1101.517030083623,-2356.112844590704
27592.02681969027,-4441.222358058871,6535.317349973723,1365.276816196131,-2984.344461298438
27592.02800364915,-4465.594705458553,6151.990645306122,1613.728119533469,-3578.929263180626
27592.02918406722,-4442.183388022731,5704.104982841283,1844.203719319286,-4133.461547649165
27592.03036070845,-4371.383496110573,5196.734237966461,2054.244322234723,-4642.000732719253
27592.03153341045,-4254.112651199888,4635.569335646499,2241.638018272185,-5099.167086356136
27592.03270202925,-4091.796467708668,4026.868056209786,2404.432342661331,-5500.171888222015
27592.03386645408,-3886.347491672911,3377.373477946795,2540.956854710584,-5840.873224010362
27592.03502664538,-3640.12994096536,2694.210025077258,2649.842230621964,-6117.824295575522
27592.03618255933,-3355.941705839176,1984.84179895765,2730.023457941248,-6328.282453910133
27592.03733420662,-3036.967673749646,1256.953355616493,2780.754562712069,-6470.247702502432
27592.03848164269,-2686.739977334964,518.3669507469062,2801.610361765001,-6542.46958836211
27592.03962493082,-2309.106559420364,-223.0203915007437,2792.486413302874,-6544.44920845291
27592.04076420054,-1908.167642898841,-959.3600694235465,2753.596616883618,-6476.437568188573
27592.04189958606,-1488.248507912226,-1682.895567260529,2685.466955525629,-6339.422344820759
27592.04303126728,-1053.837320448348,-2386.069470388458,2588.925374235542,-6135.107547203213
27592.04415945315,-609.5415419752842,-3061.589245029189,2465.089377678231,-5865.886485709113
27592.0452843785,-160.0400102189073,-3702.497663114486,2315.351311824417,-5534.809417475081
27592.04640632219,289.9732287405807,-4302.249810444218,2141.357924183972,-5145.537940509435
27592.0475255844,735.8277681801983,-4854.760635420877,1944.992957244598,-4702.305541386949
27592.04864250206,1172.929324193111,-5354.467786263631,1728.352813155053,-4209.862340474159
27592.04975742076,1596.793318757985,-5796.367303389094,1493.728403211626,-3673.43346396253
27592.05087073992,2003.104681566065,-6176.074369554103,1243.571176062635,-3098.641071646039
27592.0519828732,2387.741922627641,-6489.840070901689,980.4750473467994,-2491.46228369356
27592.05309426261,2746.819147730834,-6734.584671104411,707.1471356488069,-1858.16135929198
27592.05420536506,3076.715214082523,-6907.915100057671,426.3842483394078,-1205.23485737123
27592.05531667271,3374.110128466665,-7008.142334943441,141.0409517017405,-539.3370557594071
27592.0564286678,3635.999586638614,-7034.284227575956,-145.9855222271728,132.7556076807564
27592.05754181529,3859.721740097185,-6986.076643050764,-431.7796895950022,804.20169705285
27592.05865662752,4042.993047048919,-6863.970509164256,-713.4508157091825,1468.195945553389
27592.05977357265,4183.909127325175,-6669.12915079134,-988.1353872768673,2117.975403916772
27592.06089310866,4280.971239007734,-6403.420863280746,-1253.031878501947,2746.901442659999
27592.06201567582,4333.100184733627,-6069.405511584716,-1505.424457811443,3348.516008950565
27592.06314166406,4339.648535275345,-5670.327001502361,-1742.701374508419,3916.585240497384
27592.06427143583,4300.41379632678,-5210.085633682434,-1962.38601433294,4445.17338011724
27592.06540531268,4215.645335675849,-4693.21348656293,-2162.159016584566,4928.695643536961
27592.06654357161,4086.048884347194,-4124.84185334985,-2339.882169246174,5361.97548710839
27592.06768643374,3912.788694019216,-3510.666978621739,-2493.620582315022,5740.297883122578
27592.06883404906,3697.488251430199,-2856.913337182105,-2621.664614551921,6059.462081624574
27592.0699865297,3442.217424123535,-2170.26227052746,-2722.556098037218,6315.845438954781
27592.07114390307,3149.48932759336,-1457.818877584396,-2795.103757180355,6506.440780604799
27592.07230616932,2822.229586122268,-727.0108885731993,-2838.405951358648,6628.912871794031
27592.07347323561,2463.770113396646,14.44394141231714,-2851.862256424948,6681.626711384315
27592.07464496072,2077.809796971035,758.6441503041601,-2835.189319204053,6663.687924906596
27592.07582116631,1668.375543853106,1497.595822415317,-2788.42846473523,6574.963332220462
27592.07700158494,1239.801256201227,2223.267628261728,-2711.953141363538,6416.100062864488
27592.07818592488,796.6618145729846,2927.722566963506,-2606.468645275915,6188.528689235825
27592.0793738305,343.7386067154113,3603.186120911528,-2473.011626342489,5894.46399066518
27592.08056492761,-114.0496934618878,4242.165432427,-2312.938901835356,5536.882025744181
27592.08175876146,-571.6790068803008,4837.507489954227,-2127.924228245351,5119.514106460321
27592.08295489895,-1024.117083814436,5382.541891838351,-1919.928405160539,4646.780536199223
27592.08415287176,-1466.360755644339,5871.132386251951,-1691.186042274152,4123.76083154194
27592.08535216344,-1893.491540776709,6297.753528323362,-1444.185626912498,3556.14889780263
27592.08655229662,-2300.766605100055,6657.594183036041,-1181.624277347039,2950.149523953854
27592.0877527619,-2683.65031369672,6946.590652315158,-906.3904983639462,2312.43858277407
27592.08895305627,-3037.883311034822,7161.492792097418,-621.5226500630222,1650.067148740652
27592.09015270276,-3359.53909101222,7299.905785215259,-330.1678273999531,970.3658846847097
27592.09135123336,-3645.065082814395,7360.313703880663,-35.5481129668442,280.8662120490508
27592.09254821378,-3891.330196422817,7342.097375162752,259.0839062373666,-410.8038679900035
27592.09374321482,-4095.654238016372,7245.538082058117,550.4768680173522,-1096.994424762418
27592.09493583411,-4255.843730070109,7071.812866354732,835.4245963554022,-1770.137172930257
27592.09612572321,-4370.217635223948,6822.969450077348,1110.810164558101,-2422.849834545912
27592.09731255964,-4437.618280290009,6501.897463429212,1373.635017091779,-3048.005542615764
27592.09849605,-4457.422206557679,6112.28923358969,1621.054029280457,-3638.816447399996
27592.09967597004,-4429.542209147209,5658.574984493834,1850.415157961216,-4188.928763911388
27592.1008520939,-4354.422543105244,5145.888495356829,2059.273659428567,-4692.457332568587
27592.10202424268,-4233.030105155713,4579.986300013017,2245.428451577241,-5144.073352081359
27592.10319229567,-4066.83399254411,3967.166592292194,2406.945245232242,-5539.061056592174
27592.1043561619,-3857.784831000492,3314.204159959626,2542.170178252557,-5873.351670027708
27592.10551577475,-3608.289921104887,2628.273763236957,2649.745294282599,-6143.561973161941
27592.10667112162,-3321.175168612682,1916.848562354376,2728.623166063353,-6347.031485239379
27592.10782221864,-2999.653197542828,1187.628123525345,2778.071609237682,-6481.835594015303
27592.10896909275,-2647.290162013579,448.4638056611375,2797.678411849622,-6546.798763168918
27592.11011184608,-2267.943419600309,-292.7694839186188,2787.353372565344,-6541.502760184572
27592.11125058294,-1865.737718200612,-1028.212112905283,2747.323227976995,-6466.275858354807
27592.11238546319,-1445.00084467328,-1750.137158174564,2678.125136272294,-6322.18061896091
27592.11351666132,-1010.229214002278,-2451.004127269846,2580.597977963912,-6110.994874163023
27592.11464440044,-566.0263039321912,-3123.556437560157,2455.867560320587,-5835.179464183606
27592.11576891202,-117.068967955294,-3760.868419254903,2305.334888475511,-5497.851843859133
27592.1168904876,331.9616640394099,-4356.441703138147,2130.652056346703,-5102.731826369073
27592.11800942151,776.4050568753406,-4904.232931296565,1933.709571968237,-4654.112392286458
27592.11912605829,1211.686332983626,-5398.733413608987,1716.607263508032,-4156.793220565321
27592.12024075679,1633.346218999715,-5834.998299426287,1481.636594260688,-3616.039699412618
27592.12135391818,2037.093658573866,-6208.699267812444,1231.250386576567,-3037.512938685386
27592.12246595713,2418.834019216295,-6516.146565106636,968.0430313622148,-2427.223610805255
27592.12357732749,2774.714377102604,-6754.323878218363,694.7183926874228,-1791.457208231444
27592.12468847593,3101.141633444278,-6920.897841074477,414.0744339239118,-1136.737916835406
27592.12579987739,3394.825299524056,-7014.242592729326,128.9680561950413,-469.7464022655449
27592.12691202963,3652.801832899057,-7033.444073735396,-157.7104612160252,202.740364645513
27592.12802540446,3872.448179402809,-6978.303090547835,-443.0512734185539,873.8817366419846
27592.12914049548,4051.515897354865,-6849.336784984151,-724.1634596883732,1536.863984918961
27592.13025777373,4188.141731274809,-6647.774268039349,-998.1896994109841,2184.935133735165
27592.13137770215,4280.868270339869,-6375.54679811921,-1262.335737403474,2811.474641638241
27592.13250070047,4328.656459815069,-6035.282480806468,-1513.887836993459,3410.034777539436
27592.13362716935,4330.901697733064,-5630.283675799515,-1750.244352998796,3974.415554008435
27592.13475746318,4287.443153344544,-5164.511839172556,-1968.935191174528,4498.711047064666
27592.13589190063,4198.571763123318,-4642.555705795461,-2167.64935895234,4977.375100888882
27592.13703074902,4065.03494508455,-4069.603151968021,-2344.2566065391,5405.273067950297
27592.13817421498,3888.039283688618,-3451.406440110887,-2496.83054818624,5777.737172905266
27592.13932246327,3669.244513176676,-2794.225345886039,-2623.674511190502,6090.628780032543
27592.14047559144,3410.7592282735,-2104.786898812979,-2723.339792740182,6340.382435635705
27592.14163362032,3115.13221574738,-1390.232068369467,-2794.646402724453,6524.056030629777
27592.1427965321,2785.3256063379,-658.025386629507,-2836.704226789113,6639.382765816983
27592.14396422989,2424.701607512451,84.09407617053557,-2848.925998228865,6684.802909308166
27592.14513657161,2036.98454868006,828.2132296912673,-2831.041511312563,6659.499599430521
27592.14631334246,1626.235175111,1566.312202342667,-2783.106767648273,6563.421954589256
27592.1474943018,1196.795265382885,2290.38213316952,-2705.50806605368,6397.297396060234
27592.14867912373,753.2642313234702,2992.479545789417,-2598.96640097924,6162.643229441663
27592.14986746406,300.4262676956827,3664.860436625644,-2464.530819961102,5861.754023706537
27592.15105893731,-156.7941947249446,4300.057782611379,-2303.571790766098,5497.687699104801
27592.15225311238,-613.3863004098984,4890.970978859177,-2117.770772752653,5074.242920513756
27592.15344951864,-1064.31319275587,5430.959228332285,-1909.104447143178,4595.9239862587
27592.15464768403,-1504.586066541885,5913.942954136098,-1679.817857650405,4067.879796558896
27592.15584712205,-1929.318545758945,6334.472365421247,-1432.401300620342,3495.85086746841
27592.15704732202,-2333.782452543134,6687.794421015339,-1169.564690111373,2886.110346883524
27592.15824780534,-2713.484054465493,6969.929846415505,-894.1940948866971,2245.363338863321
27592.15944806518,-3064.198074419102,7177.70491005109,-609.3309071092854,1580.698383031731
27592.16064761121,-3382.034040437228,7308.804649238587,-318.1260689392843,899.480791067172
27592.16184598019,-3663.484699383962,7361.799171626034,-23.79945272098928,209.2574912952314
27592.16304272774,-3905.464166497495,7336.156320919858,270.3967876221384,-482.3290997378567
27592.16423743656,-4105.344971603308,7232.245001938508,561.2189904997715,-1167.637099876357
27592.16542972536,-4260.987877718748,7051.324530794882,845.4724945818582,-1839.120856842042
27592.16661922834,-4370.761484020416,6795.527368870947,1120.044179908739,-2489.408068274456
27592.167805621,-4433.561884873839,6467.825077458603,1381.944776012784,-3111.400191084164
27592.16898864473,-4448.819813354612,6071.975499503314,1628.347576736485,-3698.364790391442
27592.17016805671,-4416.498761704345,5612.484367395305,1856.608407383125,-4243.983539854168
27592.1713436397,-4337.093511022469,5094.54737274,2064.297363703317,-4742.428267811376
27592.17251524455,-4211.615868156789,4523.964491332225,2249.231826024606,-5188.440547984037
27592.17368274073,-4041.579616011952,3907.087520901317,2409.489377284054,-5577.363384662966
27592.17484604402,-3828.975714472067,3250.730013280834,2543.431209598525,-5905.19828159812
27592.17600509219,-3576.248355016739,2562.098668675168,2649.714119746084,-6168.635045400066
27592.17715987339,-3286.257183514876,1848.692663181253,2727.305079706927,-6365.088254297221
27592.17831040697,-2962.243853293512,1118.227867464747,2775.486427029056,-6492.711158598222
27592.17945673929,-2607.79377644923,378.5530657698491,2793.860143153843,-6550.407566504506
27592.18059896904,-2226.785022783396,-362.4530666066967,2782.348424250394,-6537.835357731767
27592.18173720736,-1823.355283257282,-1096.941334549486,2741.18988071579,-6455.398828247811
27592.18287161294,-1401.843226295101,-1817.197589993056,2670.932884078183,-6304.235193824731
27592.18400235745,-966.7522997096075,-2515.700489903403,2572.42719536598,-6086.196077432936
27592.18512965735,-522.6899300639152,-3185.217811963544,2446.809484680429,-5803.815342189082
27592.18625377366,-74.31773629545476,-3818.875984835951,2295.486086430781,-5460.269857084751
27592.18737498726,373.6871290058924,-4410.210532040053,2120.11757056933,-5059.344121038631
27592.18849360287,816.6807929788248,-4953.229255866685,1922.598957964907,-4605.384851491664
27592.18960997095,1250.107279909011,-5442.476151078723,1705.033658577113,-4103.240786564882
27592.19072445076,1669.527822558847,-5873.06052394472,1469.716511842735,-3558.223182996399
27592.19183745668,2070.680004482527,-6240.715955187022,1219.09963953861,-2976.026444959075
27592.19294940087,2449.494965540198,-6541.811077614382,955.7788598554329,-2362.69614507499
27592.19406074673,2802.152332985394,-6773.393230206691,682.4555499389029,-1724.539930472466
27592.19517192937,3125.087380892578,-6933.190021004069,401.9293319419047,-1068.11007512043
27592.19628344388,3415.049303581541,-7019.642249140446,117.0498669227545,-400.0904832921533
27592.19739576714,3669.104792771641,-7031.898681041692,-169.2902490096782,272.7204116691319
27592.19850937232,3884.669341615023,-6969.82681090503,-454.1853648130465,943.4799935632993
27592.19962476603,4059.535586923875,-6834.007651632372,-734.7524750062802,1605.3857836766
27592.20074239653,4191.876633778157,-6625.737682950692,-1008.133884015703,2251.68197989434
27592.20186272848,4280.276836003833,-6347.012816221553,-1271.54198942835,2875.765314900499
27592.20298618802,4323.738904961306,-6000.521742691421,-1522.271295463036,3471.213714873148
27592.20411315679,4321.699224697485,-5589.633247793998,-1757.723397352886,4031.845548265775
27592.20524399514,4274.038890867766,-5118.365135281042,-1975.437671564668,4551.792599516673
27592.20637902152,4181.08945296847,-4591.360605998955,-2173.111536128477,5025.548381847546
27592.20751847767,4043.641238913849,-4013.871376671257,-2348.619793988947,5448.014168446258
27592.20866257744,3862.94014051778,-3391.69436292037,-2500.047528761302,5814.577665229947
27592.20981146121,3640.688641065532,-2731.146185111135,-2625.706011821833,6121.151078000254
27592.21096521467,3379.035804663921,-2038.999646017567,-2724.157875953401,6364.231593301781
27592.21212388389,3080.559169563882,-1322.412283534339,-2794.237531823132,6540.950779261216
27592.21328743141,2748.256696056286,-588.8852827656515,-2835.065629215647,6649.109451174643
27592.21445574051,2385.524971782743,153.8118984706407,-2846.067499227354,6687.222447232624
27592.21562868088,1996.109470715371,897.763577872096,-2826.986347381766,6654.551793967948
27592.21680602676,1584.094917067992,1634.940847769943,-2777.891225126838,6551.126089202935
27592.2179875176,1153.846399871587,2357.328901961422,-2699.182735178929,6377.756073147731
27592.21917282581,709.9756216545759,3056.998778233559,-2591.595597542473,6136.041864401531
27592.22036160934,257.2722454241951,3726.231740694749,-2456.191389851862,5828.35790231462
27592.22155346698,-199.3324488416126,4357.584855261088,-2294.354568328478,5457.844609436106
27592.22274796407,-654.8309796101811,4943.997740162293,-2107.778758811522,5028.377795986463
27592.22394463811,-1104.200052941831,5478.883342024355,-1898.449613692563,4544.5296851003
27592.22514302532,-1542.469747831477,5956.221514774675,-1668.619140130419,4011.509879607768
27592.226342616,-1964.766509250737,6370.616563951466,-1420.789423738114,3435.127816182622
27592.22754291586,-2366.394559907028,6717.390967988395,-1157.672930131168,2821.700665081237
27592.22874341428,-2742.881473580827,6992.632495123667,-882.1672206797781,2177.994360349941
27592.22994362516,-3090.045658373045,7193.254081002887,-597.3117519792563,1511.122660714725
27592.23114306316,-3404.038666564184,7317.024589664974,-306.2568936373372,828.474466543661
27592.23234126043,-3681.396286750576,7362.598951298361,-12.22243968963755,137.6163952960519
27592.23353778755,-3919.083053065352,7329.531279987917,281.5461357181163,-553.8102279496602
27592.23473220626,-4114.517238246981,7218.277726459901,571.804824332373,-1238.153510227139
27592.23592414351,-4265.613602596144,7030.184053346767,855.3675992632457,-1907.884443352573
27592.23711325799,-4370.796224856952,6767.461320188722,1129.135259647936,-2555.665454689086
27592.23829922628,-4429.012940291687,6433.158272968548,1390.128047307456,-3174.427874387962
27592.23948177878,-4439.746202841161,6031.110557988412,1635.527568805679,-3757.471621794791
27592.24066068864,-4403.011250818297,5565.888482160473,1862.704899100493,-4298.532395059712
27592.24183574757,-4319.351688516567,5042.747101990257,2069.244357718494,-4791.838631480976
27592.2430068059,-4189.826229895636,4467.542916776751,2252.976437145392,-5232.190453577056
27592.24417374643,-4015.991236730853,3846.670343723444,2411.994416760391,-5614.999928223472
27592.24533646875,-3799.88158146003,3186.993751985292,2544.67162307905,-5936.332884892212
27592.24649494297,-3543.97298768074,2495.735496137173,2649.682802487308,-6192.960992332826
27592.24764917009,-3251.153930496549,1780.411498938109,2726.008988122111,-6382.374302823463
27592.24879915066,-2924.699089401366,1048.766366017109,2772.944438373807,-6502.798651929124
27592.24994495083,-2568.21245895975,308.6455971113992,2790.104989759938,-6553.217212767991
27592.25108665438,-2185.596377078832,-432.061258913875,2777.425239009893,-6533.364755182937
27592.25222439436,-1780.996131774377,-1165.525835012881,2735.155564085523,-6443.722148498795
27592.25335830982,-1358.76756066311,-1884.035738298131,2663.85647791236,-6285.503869741765
27592.25448859001,-923.4131158170686,-2580.102772617935,2564.387527284634,-6060.633354708036
27592.25561546595,-479.5348832809875,-3246.531948101886,2437.893054192556,-5771.710396692928
27592.25673919207,-31.79282944887828,-3876.480185163984,2285.788025523724,-5421.97853445548
27592.25786004029,415.1408673467788,-4463.519279535454,2109.741813311382,-5015.287637772701
27592.2589783263,856.6396965898726,-5001.70990619146,1911.654268961777,-4556.038459926594
27592.26009440667,1288.167157379412,-5485.650267604526,1693.632741118747,-4049.12903909004
27592.26120865959,1705.312420800662,-5910.511993570695,1457.971731830818,-3499.907110591992
27592.2623214821,2103.830645069061,-6272.079799903364,1207.129356896611,-2914.115013952518
27592.26343331272,2479.689524287776,-6566.791260504875,943.696669123936,-2297.817769717164
27592.26454459046,2829.090432093883,-6791.749997452789,670.3809240085637,-1657.363605556656
27592.26565578473,3148.51177473394,-6944.754639586992,389.9723243585088,-999.3057745295964
27592.26676738733,3434.734935946937,-7024.307652293557,105.3192072886395,-330.3439697832659
27592.26787988069,3684.862835822482,-7029.620918806811,-180.6901175915436,342.7186601111766
27592.26899372811,3896.345165123396,-6960.625197633627,-465.1509967173855,1013.031325246574
27592.27010941249,4067.009260103943,-6817.968940496657,-745.1787537708366,1673.781417363767
27592.27122740839,4195.072297326409,-6603.010210567765,-1017.927425347731,2318.239027681643
27592.2723481684,4279.156786299893,-6317.80897229055,-1280.612093526583,2939.809921101784
27592.2734720965,4318.305449223378,-5965.122389990801,-1530.528764648098,3532.082694963322
27592.2745995881,4311.997097596724,-5548.375781327201,-1765.089528877683,4088.912175407091
27592.27573099822,4260.153579570419,-5071.645698616638,-1981.840363500453,4604.461807851767
27592.27686661596,4163.149575157326,-4539.643317048513,-2178.482050682906,5073.253362450563
27592.27800669974,4021.815230406367,-3957.664752946458,-2352.902013242014,5490.242692486402
27592.27915144085,3837.438919961529,-3331.565831890483,-2503.192112254359,5850.862155317534
27592.28030098752,3611.760272600441,-2667.701718732184,-2627.675587863282,6151.084923079973
27592.28145540772,3346.968170314938,-1972.892675381581,-2724.924588350512,6387.466830123039
27592.28261474719,3045.674459345014,-1254.327818107842,-2793.785619443612,6557.207509202958
27592.28377893255,2710.918885561516,-519.5557060542742,-2833.390688316307,6658.176896606554
27592.28494788579,2346.115404445743,223.6611928388052,-2843.179708469912,6688.969666880126
27592.28612143834,1955.045594487023,967.3733931098266,-2822.908487632976,6648.924437702253
27592.28729936577,1541.814584859578,1703.551593369412,-2772.660015575967,6538.151560797767
27592.28848139317,1110.808623537159,2424.179577094525,-2692.849356888482,6357.545666587194
27592.28966721088,666.6437377944251,3121.35531918082,-2584.22302205312,6108.7852520144
27592.29085644841,214.1258764193208,3787.368061301029,-2447.857667994806,5794.330407798954
27592.29204870794,-241.8146455029041,4414.810838114591,-2285.149687928422,5417.399410253833
27592.29324355403,-696.1753815608436,4996.664869203528,-2097.803873370588,4981.942800809502
27592.29444051155,-1143.93927340435,5526.387451211825,-1887.818009248809,4492.607882978384
27592.29563909776,-1580.146343792409,5998.009933598267,-1657.456949620161,3954.678500149143
27592.29683883121,-1999.955876956842,6406.213871010616,-1409.225025039214,3374.010624279471
27592.29803919604,-2398.692281515044,6746.385916963226,-1145.844973123438,2756.98306307654
27592.29923971695,-2771.927100833219,7014.69928803836,-870.2105189076372,2110.386328105831
27592.30043987662,-3115.505592809513,7208.139095030153,-585.3704367095798,1441.385071439686
27592.30163920507,-3425.624936395322,7324.560642875242,-294.4720800719846,757.3853512129313
27592.30283723319,-3698.864932286443,7362.703721790588,-0.7342697718813724,65.97059537716768
27592.30403352668,-3932.236713920492,7322.209119418697,292.5993507598899,-625.2084311658673
27592.30522766726,-4123.21211259132,7203.618196707712,582.2944351791059,-1308.5143326529
27592.30641927874,-4269.755995531944,7008.360344332234,865.1705359354482,-1976.428590452554
27592.30760800704,-4370.343712907258,6738.731857104875,1138.133480997359,-2621.628358519075
27592.30879356448,-4423.978436713638,6397.851773719412,1398.221015861655,-3237.09469570898
27592.30997565573,-4430.193217328361,5989.636872379086,1642.619653017417,-3816.152812292047
27592.31115407414,-4389.054941435019,5518.720241736435,1868.71651454851,-4352.595197311928
27592.31232861046,-4301.156581851577,4990.420240834119,2074.108366259664,-4840.703474612894
27592.31349912746,-4167.602802359437,4410.643812201242,2256.641125780632,-5275.342557270676
27592.3146655109,-3989.993406955365,3785.832405273711,2414.422125879963,-5651.990248178797
27592.31582766795,-3770.402678616686,3122.887332847087,2545.839585633581,-5966.783959466844
27592.31698557127,-3511.342629961619,2429.062470850112,2649.582470320494,-6216.568570273983
27592.31813921647,-3215.736341283927,1711.902341152068,2724.645646884061,-6398.909249910152
27592.31928862411,-2886.882245673058,979.1560538353015,2770.338610683194,-6512.11285090812
27592.32043386079,-2528.407927563575,238.6771535081944,2786.290289643119,-6555.240128172462
27592.32157501592,-2144.233118935127,-501.6481544601429,2772.447994625022,-6528.103911734596
27592.32271221818,-1738.519105523695,-1233.996344763417,2729.074362751591,-6431.262689595334
27592.32384563102,-1315.622362410698,-1950.685971412594,2656.73993110593,-6266.003734634714
27592.32497544892,-880.0474752362178,-2644.254013872018,2556.313115340515,-6034.320055956886
27592.32610188555,-436.4030461735382,-3307.523825392349,2428.94876244332,-5738.883892456129
27592.32722520124,10.65784340079724,-3933.691853310503,2276.069765064956,-5383.003950239555
27592.3283456822,456.4779032655094,-4516.379291077118,2099.350569961337,-4970.58681459525
27592.32946363579,896.4407928931483,-5049.689218683578,1900.698227866352,-4506.092573829533
27592.33057943067,1326.032221525678,-5528.277077701197,1682.222765735237,-3994.465333778923
27592.33169345035,1740.864443271345,-5947.371505782907,1446.221024810855,-3441.095092756051
27592.33280609593,2136.71840849327,-6302.81651828672,1195.152495110174,-2851.760876038655
27592.33391781285,2509.591329968538,-6591.111770638461,931.6077730370936,-2232.556443096727
27592.33502903172,2855.711759954137,-6809.421394305986,658.296314618947,-1589.861238321593
27592.3361402251,3171.591788362681,-6955.609715036999,378.0068938080591,-930.2471744939139
27592.33725188735,3454.048264434836,-7028.245382794689,93.58551170751025,-260.4263210321756
27592.33836449421,3700.219338288622,-7026.60692731103,-192.0804529369947,412.7866980829697
27592.3394785438,3907.59951048944,-6950.689526511899,-476.0987937476987,1082.561089364699
27592.34059449846,4074.049621688883,-6801.205418095401,-755.5837419623733,1742.076732827248
27592.34171283929,4197.826591081553,-6579.57452685113,-1027.695765861913,2384.618327977194
27592.34283400805,4277.591154618545,-6287.920584507337,-1289.652730619139,3003.602013429619
27592.34395839447,4312.426111406672,-5929.066393036343,-1538.753710182799,3592.631807782937
27592.34508638891,4301.852030612039,-5506.499590232137,-1772.417027249837,4145.589740852432
27592.34621834156,4245.832710315366,-5024.356667421598,-1988.195822289513,4656.672915962519
27592.34735454158,4144.784101693447,-4487.403435647532,-2183.799698217047,5120.444904746786
27592.34849523727,3999.577671551491,-3900.991622140869,-2357.12382526269,5531.904839347684
27592.34964060838,3811.543200264607,-3271.030210867618,-2506.268815864421,5886.534661710952
27592.35079079307,3582.460829025153,-2603.922546151437,-2629.568093772838,6180.364192772456
27592.35194586756,3314.554187146355,-1906.520725912412,-2725.606455415753,6410.015335281891
27592.35310584434,3010.477263212771,-1186.064616480342,-2793.240350616383,6572.750384328994
27592.35427066287,2673.298413084043,-450.1188599946877,-2831.616026361916,6666.515286705589
27592.35544022896,2306.464281320508,293.5275762470701,-2840.186248330692,6689.979686497475
27592.3566143804,1913.778618568358,1036.920750740035,-2818.720337722015,6642.560992158484
27592.35779286789,1499.374945488215,1772.015423951592,-2767.31543643182,6524.451376172623
27592.35897543056,1067.64998207705,2490.812425765375,-2686.399477477259,6336.625445901007
27592.36016174716,623.2341941451101,3185.419199854857,-2576.732377836709,6080.843350025519
27592.36135142527,170.9470456741011,3848.138159006063,-2439.405739390721,5759.650448549383
27592.36254407143,-284.2829972997612,4471.599854206353,-2275.827879345719,5376.342518112378
27592.36373923492,-737.4536421653756,5048.821414864914,-2087.717208414907,4934.950293062302
27592.36493646304,-1183.56798729113,5573.322152052216,-1877.077955135776,4440.182556270269
27592.36613525962,-1617.678104173909,6039.185105480925,-1646.185645910464,3897.391979631735
27592.36733512567,-2034.959812884389,6441.151294769583,-1397.555552381065,3312.500879358175
27592.36853556603,-2430.772811937034,6774.686345433491,-1133.912001216764,2691.928857914409
27592.36973608788,-2800.715743853488,7036.035272558405,-858.1566508758068,2042.517931977375
27592.3709361829,-3140.67445895118,7222.267054223513,-573.3386942021421,1371.462136279966
27592.37213537364,-3446.885923213319,7331.32073882073,-282.6078588914578,686.1965378393134
27592.37333320257,-3715.978361102735,7362.024070837583,10.8211048536844,-5.686774026761213
27592.3745292397,-3945.011711823472,7314.104477171296,303.7087504122503,-696.5340873700245
27592.37572307114,-4131.508608507153,7188.189077337567,592.8266928978244,-1378.714738269499
27592.37691433273,-4273.486714248017,6985.789433998263,875.0038304893559,-2044.730505435215
27592.37810267347,-4369.473114821576,6709.281586506258,1147.154559754302,-2687.282554051365
27592.37928779332,-4418.5224201442,6361.865655249122,1406.323189838675,-3299.376631421539
27592.38046941536,-4420.22074676472,5947.527223398229,1649.710993590235,-3874.387299316164
27592.38164734173,-4374.684915655561,5470.963361933269,1874.718331971652,-4406.157786697341
27592.38282136831,-4282.555803725162,4937.551374709255,2078.955131180893,-4889.025083704304
27592.38399134459,-4144.985887800933,4353.259783752447,2260.278304506783,-5317.908699933853
27592.38515716616,-3963.618594282283,3724.574300118114,2416.810971908007,-5688.356428601654
27592.38631876106,-3740.565311828685,3058.425257928557,2546.95813187549,-5996.581713228112
27592.38747609329,-3478.376147074166,2362.103596669504,2649.421776405557,-6239.499694069873
27592.38862915884,-3180.007438595356,1643.178348743413,2723.211386995197,-6414.752323095736
27592.38977799665,-2848.78138258946,909.4032378252041,2767.651658910556,-6520.726922459062
27592.39092267434,-2488.348712597163,168.6387198433063,2782.384767019667,-6556.561801568877
27592.39206328676,-2102.646315551338,-571.2329135084476,2767.370823552204,-6522.147580640837
27592.39319996859,-1695.847382329794,-1302.400288287257,2722.884285179648,-6418.118923847843
27592.39433287654,-1272.320099170466,-2017.193590715729,2649.50736070099,-6245.839120116539
27592.3954622065,-836.5731431973519,-2708.174380739687,2548.119331193188,-6007.374998598349
27592.39658820011,-393.2037009315451,-3368.213137600937,2419.881644023044,-5705.461806975407
27592.39771110612,53.13597779720415,-3990.535461288602,2266.226185760976,-5343.475514367407
27592.39883122261,497.8030145740305,-4568.81096996004,2088.832592428247,-4925.379248719762
27592.39994887059,936.2002914582901,-5097.195616061356,1889.610858870212,-4455.682149707531
27592.40106439948,1363.823673926634,-5570.386630563116,1670.678776252927,-3939.385996602184
27592.40217819395,1776.307582059282,-5983.66977365194,1434.336797192225,-3381.925727285769
27592.40329067717,2169.465996583669,-6332.955924678728,1183.041968666407,-2789.107723822646
27592.40440227692,2539.317783268535,-6614.80050297265,919.3900008218807,-2167.06726946493
27592.40551345062,2882.13087279003,-6826.437499268812,646.0840357236874,-1522.194614947776
27592.40662467264,3194.449634533334,-6965.793517364325,365.911207615977,-861.079410353861
27592.40773641703,3473.119636348611,-7031.499423714514,81.72083290926651,-190.4589776418684
27592.40884917498,3715.319365253626,-7022.900622372656,-203.6062581659716,482.8543243244924
27592.40996343631,3918.578983743605,-6940.05746248366,-487.1791420505936,1152.023914497801
27592.41107966245,4080.798321020059,-6783.747895912622,-766.1160247713675,1810.234618390752
27592.41219831738,4200.272659960171,-6555.460309829014,-1037.578219589246,2450.773114897674
27592.41331984627,4275.705314187823,-6257.383452594893,-1298.790532863789,3067.076307511813
27592.41444465449,4306.221428638501,-5892.397743001557,-1547.062259656921,3652.781135341755
27592.41557311543,4291.382087858586,-5464.055249739065,-1779.815146731389,4201.790822678739
27592.41670556655,4231.193404530134,-4976.555317100339,-1994.608087842712,4708.333413612263
27592.4178422966,4126.113331002051,-4434.718988836288,-2189.159886901798,5167.015744891008
27592.41898355711,3977.053393830558,-3843.946653496344,-2361.375938040451,5572.886645787919
27592.4201295153,3785.384143167105,-3210.199578467361,-2509.365268434623,5921.477411054348
27592.42128030824,3552.92352259907,-2539.922625542534,-2631.472139951765,6208.876567717443
27592.42243599372,3281.934864730731,-1840.014239575539,-2726.291210692572,6431.765874223106
27592.42359658437,2975.105908546464,-1117.743773316688,-2792.691469435788,6587.476946793389
27592.42476202497,2635.533698453447,-380.6949707596486,-2829.831718928126,6674.027944172638
27592.42593219516,2266.699575941416,363.3112615006626,-2837.176686855479,6690.161678321958
27592.42710690863,1872.439423908051,1106.298001626438,-2814.509937695843,6635.376131845645
27592.42828594259,1456.897595316683,1840.237507446763,-2761.941945685113,6509.943468731041
27592.42946900538,1024.496438965569,2557.120625980794,-2679.915343183916,6314.922392289698
27592.43065576352,579.8812030334819,3249.066211856765,-2569.205032791023,6052.158259792545
27592.43184585582,127.8642188110174,3908.421589757367,-2430.912249878632,5724.26887390375
27592.4330388475,-326.6112554975714,4527.829667927185,-2266.461923399631,5334.638080640972
27592.43423430792,-778.55702334532,5100.362316891134,-2077.581050009262,4887.364348195666
27592.43543175984,-1222.979049648785,5619.579270105877,-1866.287872667158,4387.234960508883
27592.43663072307,-1654.953155490477,6079.630456963537,-1634.864064367153,3839.659942309117
27592.43783070006,-2069.678574425798,6475.322532983316,-1385.831642719216,3250.617189652808
27592.4390311696,-2462.534573099241,6802.185325534022,-1121.926294131286,2626.589086386257
27592.44023165741,-2829.159559682978,7056.547363584305,-846.0499759343645,1974.45012623563
27592.44143166176,-3165.478896560618,7235.559499785139,-561.2525913664931,1301.42329115485
27592.44263070537,-3467.770763858126,7337.243648291573,-270.6842841924093,614.9669641791575
27592.44382832307,-3732.706485437338,7360.512616716518,22.43958362826072,-77.30815041034793
27592.44502408772,-3957.394932303635,7305.181202654461,314.8832779129943,-767.7452924122899
27592.44621760087,-4139.411569638138,7171.961530130823,603.4269683156804,-1448.72763457732
27592.44740848216,-4276.823408385663,6962.451738005368,884.9021501673722,-2112.762236482497
27592.44859640198,-4368.212892838134,6679.106576209238,1156.236408288445,-2752.586001524862
27592.44978105852,-4412.686865195214,6325.204213674644,1414.483123605895,-3361.236057631003
27592.45096219739,-4409.883482327334,5904.795635428261,1656.858987508601,-3932.1385086628
27592.4521395894,-4359.970615204019,5422.657081256562,1880.769886342498,-4459.169718927017
27592.45331306557,-4263.637373886336,4884.21396492665,2083.845498039039,-4936.738053898483
27592.45448247357,-4122.082293720874,4295.489429864072,2263.955637926545,-5359.822589398375
27592.45564771362,-3936.991668773512,3663.013822589722,2419.238041313343,-5724.038662204762
27592.45680872472,-3710.514921533672,2993.75046788185,2548.113199498331,-6025.672876786642
27592.45796547122,-3445.238051645583,2295.021053888693,2649.297207968762,-6261.713388452461
27592.45911797275,-3144.143175777569,1574.402730037163,2721.815050048122,-6429.881062357048
27592.46026624767,-2810.585052481529,839.676664701577,2765.003482076284,-6528.636253148195
27592.46141037985,-2448.232951036893,98.69975702844931,2778.518710053085,-6557.196528693693
27592.46255046146,-2061.042928303896,-640.6452636240097,2762.333470758575,-6515.529662860822
27592.46368663016,-1653.200912034306,-1370.558095258289,2716.734424077245,-6404.347056438763
27592.46481907165,-1229.07298294981,-2083.403849681599,2642.313118304292,-6225.08203408661
27592.46594796464,-793.1778041144572,-2771.756350669264,2539.959406357532,-5979.87407718058
27592.46707354043,-350.1160244560633,-3428.5105064874,2410.845423119174,-5671.530376732402
27592.46819606156,95.47080072485358,-4046.93742062711,2256.410274786336,-5303.489293122761
27592.46931584052,538.9554389527286,-4620.75690646073,2078.3385211429,-4879.769021548378
27592.47043320388,975.7569941552449,-5144.174260262525,1878.544648733407,-4404.930556898327
27592.47154850169,1401.389444383941,-5611.937885634297,1659.150601750656,-3884.024118734535
27592.4726621245,1811.510797600298,-6019.390492296818,1422.458842870999,-3322.525015430251
27592.47377449455,2201.959253331843,-6362.500193807837,1170.928709983192,-2726.277379802055
27592.47488604084,2568.781744272635,-6637.883362717266,907.1567780064643,-2101.447399945867
27592.4759972245,2908.277649249949,-6842.83731239128,633.8453977884086,-1454.448546757357
27592.47710850538,3217.019992570349,-6975.351108789617,353.7845186202009,-791.8983029970263
27592.47822038958,3491.89771059502,-7034.124003501087,69.81356919769974,-120.5277223358803
27592.47933334439,3730.119139114614,-7018.564291076863,-215.1831995888822,552.8298318379973
27592.48044784765,3929.250831882776,-6928.80014505119,-498.3152844823821,1221.330155500201
27592.48156437089,4087.234709637834,-6765.676007943985,-776.7078534369545,1878.170256244754
27592.48268338378,4202.406981177237,-6530.7438658357,-1047.528714774308,2516.652297965041
27592.48380531475,4273.510386678121,-6226.259720534048,-1308.004512784002,3130.222121997661
27592.48493057209,4299.712334209206,-5855.166002863119,-1555.451973661548,3712.543247409992
27592.48605951638,4280.615989853627,-5421.079727491698,-1787.297632989829,4257.543690913041
27592.48719248481,4216.269951385176,-4928.258629812756,-2001.108805589444,4759.489209376944
27592.48832977217,4107.172913489395,-4381.574948579963,-2194.614284202736,5213.032315658299
27592.48947159761,3954.280614992081,-3786.49557426794,-2365.72395842624,5613.258784607501
27592.49061814296,3759.001942923255,-3149.020969575593,-2512.56000054532,5955.761202430003
27592.49176953991,3523.193105842406,-2475.639378475608,-2633.476874935752,6236.686190015455
27592.49292584346,3249.153155469117,-1773.285592797419,-2727.080246328708,6452.779041715617
27592.4940870392,2939.609624184155,-1049.274330859296,-2792.249301168189,6601.436228121041
27592.49525307087,2597.69083884954,-311.2122463900987,-2828.156150172385,6680.750809459704
27592.49642382232,2226.90375396715,433.0679633943025,-2834.278699452702,6689.54253784605
27592.49759910022,1831.109152006859,1175.578270815192,-2810.413300907881,6627.387369807236
27592.49877866485,1414.475870656901,1908.281762174722,-2756.684031619256,6494.638695603689
27592.49996221885,981.4426811435535,2623.175971740053,-2673.547320054466,6292.437698625818
27592.50114941987,536.6674961891239,3312.393494277286,-2561.792019602113,6022.712771720904
27592.50233990882,84.96597426180276,3968.310536411669,-2422.531858081587,5688.160793519403
27592.50353325084,-368.7199896056293,4583.605787538486,-2257.203434530373,5292.241873682396
27592.50472898845,-819.3989023467469,5151.382312241686,-2067.548842102961,4839.137199051502
27592.50592665944,-1262.095018164609,5665.260437234032,-1855.594403972685,4333.697870183289
27592.50712577354,-1691.8985849754,6119.445975230734,-1623.632469020314,3781.401134759538
27592.50832583023,-2104.031544044289,6508.81214036748,-1374.193329959069,3188.283115027451
27592.50952632365,-2493.90711890329,6828.966251544518,-1110.015320452274,2560.867318315352
27592.51072675658,-2857.18992176037,7076.308573147438,-834.0097141904645,1906.080889371379
27592.51192663769,-3189.847143668126,7248.07535457249,-549.2267039939447,1231.173522397571
27592.51312550073,-3488.201971720132,7342.374387121496,-258.8144211842169,543.6199558583676
27592.51432286868,-3748.968368690702,7358.204062787823,34.0101150712855,-148.9491994649584
27592.51551832742,-3969.306579312797,7295.466734048184,326.0173986030368,-838.881272537634
27592.5167114811,-4146.842774392065,7154.960260273572,613.9930695184452,-1518.567136923822
27592.51790194451,-4279.695518380633,6938.368504980749,894.7740707175731,-2180.526967690372
27592.5190894102,-4366.502204585895,6648.2235572401,1165.301334517973,-2817.534831197814
27592.52027356184,-4406.421286612693,6287.884808292302,1422.634562242955,-3422.653790615977
27592.52145417538,-4399.143581411494,5861.466344643806,1664.007795691693,-3989.366981949895
27592.52263102924,-4344.885650998807,5373.806206902625,1886.839710055939,-4511.601999710438
27592.5238039411,-4244.384955009848,4830.394955236136,2088.769804392162,-4983.816123948627
27592.52497277099,-4098.885015704537,4237.303742475877,2267.683319256313,-5401.054859200277
27592.52613743173,-3910.112748785358,3601.101895561506,2421.733234276982,-5759.003434814011
27592.52729786444,-3680.255810565979,2928.789166042448,2549.353699284793,-6054.018158960707
27592.52845402867,-3411.936666615139,2227.720344017052,2649.274149294994,-6283.159281507991
27592.52960594305,-3108.169769244295,1505.495876653872,2720.533778218206,-6444.224315474578
27592.53075365174,-2772.330093782066,769.8947004754909,2762.484446763691,-6535.754387093711
27592.53189723332,-2408.110362767159,28.78270942923427,2774.794768130021,-6557.043076273552
27592.53303679502,-2019.479164895548,-709.9692428743397,2757.449651286772,-6508.134562410129
27592.53417246775,-1610.637361084328,-1438.566170034134,2710.747180386372,-6389.81543402013
27592.5353044243,-1185.964260969505,-2149.382380772753,2635.291033425463,-6203.59576182842
27592.53643287839,-749.9688747393609,-2835.038103822088,2531.978940315067,-5951.680933406057
27592.53755804595,-307.2563432159477,-3488.449652300555,2401.99322373883,-5636.948665638494
27592.53868021182,137.54639261816,-4102.937780881181,2246.778223467306,-5262.894309212848
27592.53979967438,579.8166559971849,-4672.256704413726,2068.027148221444,-4833.599292432747
27592.54091677033,1014.991790800995,-5190.664592185121,1867.658835996094,-4353.675206507976
27592.54203185429,1438.60562716021,-5652.963579253335,1647.799001571142,-3828.218820778898
27592.54314531387,1846.336766915346,-6054.550788651185,1410.75424390204,-3262.749822730148
27592.54425757814,2234.050921010891,-6391.455634491046,1158.984904694139,-2663.145973274207
27592.54536907839,2597.823734264683,-6660.35624295355,895.0882961916334,-2035.603021332627
27592.54648028114,2933.986707403578,-6858.61375065111,621.7656446140559,-1386.555867298111
27592.54759166071,3239.149215135357,-6984.282101472274,341.8023688415997,-722.6315473230147
27592.54870369291,3510.226424043915,-7036.121762290137,58.04381937706785,-50.5914176815636
27592.54981685769,3744.467014975995,-7013.608754466735,-226.6315033214995,622.732585087776
27592.55093163165,3939.475432487149,-6916.937103977275,-509.3362479597416,1290.495745794794
27592.55204849273,4093.23364828251,-6747.015341053885,-787.2014389684743,1945.905239679008
27592.55316788653,4204.115162569586,-6505.46417788944,-1057.394016917725,2582.261907341839
27592.55429024557,4270.905363362116,-6194.603967512143,-1317.14774203334,3193.033533404605
27592.55541598629,4292.81365251845,-5817.436503412408,-1563.787876748996,3771.913338417477
27592.55654546975,4269.483860881959,-5377.636737408745,-1794.748068505429,4312.860140109829
27592.55767902173,4201.005318275988,-4879.522438373098,-2007.600932793412,4810.170654505509
27592.55881691122,4087.919839686223,-4328.031562492714,-2200.079381657215,5258.529986798403
27592.55995937353,3931.222223938561,-3728.673670807729,-2370.105661296851,5653.080017796285
27592.56110656917,3732.363195656254,-3087.505859827649,-2515.808843715797,5989.460765373288
27592.56225862768,3493.237161502302,-2411.058571003245,-2635.554127956089,6263.879015376157
27592.56341557597,3216.185537465622,-1706.318827359334,-2727.956499820835,6473.140663874631
27592.56457741735,2903.965374611432,-980.6196444353377,-2791.909228442511,6614.71689707136
27592.56574408477,2559.737652363046,-241.5959371289759,-2826.596149744324,6686.772843265682
27592.56691544101,2187.04256473937,502.8919548263366,-2831.507881063666,6688.205062594026
27592.56809129303,1789.764104146998,1244.85005430865,-2806.454625899506,6618.670715621025
27592.56927140547,1372.088045438514,1976.246382801929,-2751.573597918091,6478.60389660028
27592.57045546822,938.4713360580228,2689.081269058473,-2667.334811483318,6269.228409989002
27592.57164313303,493.5828763748784,3375.503334899031,-2554.540527959773,5992.554855075759
27592.572834021,42.24939420589126,4027.906325785011,-2414.319376357072,5651.365321718522
27592.5740277046,-410.5919286978647,4639.011012677314,-2248.11954816335,5249.196065747914
27592.5752237355,-859.9606883466714,5201.970340628739,-2057.692628784466,4790.297649560341
27592.57642163179,-1300.886901921064,5710.448550043916,-1845.077912123319,4279.596555588308
27592.57762089507,-1728.476841127795,6158.710174897423,-1612.578391484548,3722.636915244987
27592.57882103085,-2137.979112633087,6541.699508526857,-1362.730876337014,3125.508427278971
27592.58002154604,-2524.840487607056,6855.100868241036,-1098.2767257629,2494.775978456679
27592.58122191501,-2884.750839750846,7095.386166582878,-822.1377597471678,1837.421679117158
27592.5824216674,-3213.722790270538,7259.879575566369,-537.3619766263884,1160.715125559517
27592.58362031953,-3508.117853659736,7346.772893433137,-247.1023458480307,472.1626698715972
27592.58481742133,-3764.702961441028,7355.154141816882,45.43184672819734,-220.6085152197629
27592.58601255298,-3980.685358807792,7285.011964849884,337.0127926301021,-909.9403183512197
27592.58720532727,-4153.743231377716,7137.229762618535,624.4330361499563,-1588.235993336765
27592.58839538596,-4282.049395679725,6913.569719986239,904.5422470005398,-2248.04734245787
27592.58958238999,-4364.289376558594,6616.64968973975,1174.281687471922,-2882.156338821843
27592.59076606343,-4399.676097950167,6249.895321967278,1430.72929879647,-3483.681512098846
27592.59194614936,-4387.950310509501,5817.502314929443,1671.122314674783,-4046.131270820104
27592.59312244874,-4329.379278711501,5324.368155404182,1892.895785958405,-4563.494411326918
27592.59429478863,-4224.747665095802,4776.039004457253,2093.703171748096,-5030.288376737522
27592.59546303642,-4075.343089385629,4178.634697234496,2271.443621466524,-5441.622988603041
27592.59662710366,-3882.934577975722,3538.770242432418,2424.283080226265,-5793.249460169378
27592.59778693078,-3649.749081027644,2863.483683992761,2550.669425233008,-6081.595337627503
27592.59894249976,-3378.439340069193,2160.146165140996,2649.348038983812,-6303.80014534196
27592.60009382088,-3072.052131766543,1436.384240441069,2719.370631753329,-6457.735194769796
27592.60124095247,-2733.984929736331,699.9811149781922,2760.103025649123,-6542.020539579144
27592.60238396331,-2367.955250898179,-41.18592440797556,2771.226388302183,-6556.026964035531
27592.60352296703,-1977.947274236001,-779.2530775171595,2752.738563756903,-6499.877410793681
27592.60465812422,-1568.163695856844,-1506.455226846459,2704.94833697506,-6374.431990082876
27592.60578959024,-1142.997285895943,-2215.173451422897,2628.470403913809,-6181.275255794977
27592.60691757465,-706.96170453972,-2898.051000864643,2524.213340187919,-5922.685708168668
27592.6080423352,-264.6438970653729,-3548.060870504029,2393.364154441514,-5601.597980041752
27592.60916413875,179.3286864276359,-4158.549908690098,2237.376242227186,-5221.573455475003
27592.61028327663,620.3411768260939,-4723.311939839998,2057.950851601142,-4786.755001782144
27592.61140010446,1053.853074310186,-5236.66275830101,1857.009561586152,-4301.800348028861
27592.61251497662,1475.416485341595,-5693.455890101682,1636.682447750373,-3771.853630709475
27592.61362827863,1880.731154753333,-6089.143240561819,1399.279966042829,-3202.477575133156
27592.61474043953,2265.688024362388,-6419.813354257729,1147.264982969701,-2599.586387453493
27592.61585189973,2626.393957134868,-6682.208346014464,883.2341084523866,-1969.401041836288
27592.616963117,2959.208336651072,-6873.750652921746,609.8910312224252,-1318.385429686456
27592.61807457154,3260.775551304334,-6992.560540879278,330.019190905824,-653.1810778131148
27592.61918674236,3528.046638791195,-7037.464349473239,46.46157495503792,19.44110961516617
27592.62030011198,3758.307361108932,-7008.003628992866,-237.9064178402737,692.6455728133212
27592.62141514891,3949.198643593184,-6904.438510594084,-520.1986496876173,1359.583789930059
27592.62253234574,4098.743778728985,-6727.740690911473,-797.553869893155,2013.4788599377
27592.62365214416,4205.354691352069,-6479.593892364753,-1067.142661778089,2647.642287567018
27592.62477495894,4267.855564741783,-6162.385042302449,-1326.199982578942,3255.551247715078
27592.62590121528,4285.49722547148,-5779.174501912162,-1572.059309432869,3830.929271789568
27592.627031248,4257.964743644647,-5333.705742483061,-1802.155716193819,4367.754053871839
27592.62816539562,4185.388750824902,-4830.348520827978,-2014.072378008449,4860.366907514928
27592.6293039231,4068.351225988451,-4274.094817878963,-2205.549627646031,5303.494467002613
27592.6304470483,3907.888243789597,-3670.511685851257,-2374.515837801696,5692.321277769637
27592.63159491991,3705.491361462235,-3025.707985063184,-2519.108557747767,6022.539534392568
27592.63274765428,3463.095246304425,-2346.262224315956,-2637.702578218434,6290.414460964936
27592.63390528522,3183.075360259159,-1639.191937391982,-2728.925230529484,6492.820207702
27592.63506780192,2868.224649792501,-911.8666082704135,-2791.680552270442,6627.295633549389
27592.63623512539,2521.73736323434,-171.9498502315987,-2825.164516319775,6692.079438216098
27592.63740710615,2147.184227904376,572.6765812695116,-2828.880933892178,6686.146501128543
27592.63858356373,1748.467710339725,1314.02111159833,-2802.653292768211,6609.233903577365
27592.63976422989,1329.803006688499,2044.034043492639,-2746.633128740645,6461.859814162564
27592.64094880413,895.6574313106356,2754.733647847237,-2661.303929677204,6245.330267838243
27592.64213694631,450.7050751494033,3438.293476657117,-2547.479943812961,5961.734589551328
27592.64332825116,-0.2144636208563497,4087.121163600366,-2406.304711489085,5613.940297189838
27592.64452229145,-452.1665702365015,4693.976237236034,-2239.238672605766,5205.561280295837
27592.64571862693,-900.1819906187458,5252.061831632656,-2048.04315399171,4740.917875943407
27592.64691675379,-1339.296360177997,5755.086517619872,-1834.770962391549,4225.01317587157
27592.6481161891,-1764.640998589315,6197.383272327106,-1601.731150825042,3663.4469012136
27592.64931642453,-2171.48429468771,6573.959413283599,-1351.470472252825,3062.37020584479
27592.65051695618,-2555.299735074972,6880.57162517834,-1086.738702817537,2428.401691163505
27592.65171728823,-2911.821449376323,7113.778534637656,-810.455234126242,1768.546855427119
27592.65291692253,-3237.092727119454,7270.981437503429,-525.676847018242,1090.120559514422
27592.65411539806,-3527.524305205433,7350.461155773684,-235.5518740110283,400.6372763450631
27592.65531227133,-3779.929871383962,7351.391186141209,56.71316627634206,-292.2686189638534
27592.65650710872,-3991.562038900594,7273.846749109135,347.8898965973968,-980.9295106335223
27592.65769953843,-4160.152170715935,7118.796516138646,634.7790772429685,-1657.765625262607
27592.65888919422,-4283.923730181978,6888.088091010387,914.234572640793,-2315.341906761686
27592.66007575781,-4361.616573813887,6584.416357896645,1183.210106773512,-2946.478551037096
27592.66125893873,-4392.494819042787,6211.287780648913,1438.789354877255,-3544.321939595213
27592.66243851705,-4376.35084051111,5772.957559626873,1678.227536810893,-4102.442238577614
27592.66361428323,-4313.500220957801,5274.391091045258,1898.968211644136,-4614.872709472721
27592.66478607396,-4204.773983990408,4721.189144933741,2098.67829555815,-5076.191410474849
27592.66595375872,-4051.503820264069,4119.522297828151,2275.269509578817,-5481.570893017564
27592.6671172537,-3855.499595708587,3476.047729965097,2426.921270130405,-5826.830894303778
27592.66827649288,-3619.028060386019,2797.844541700667,2552.094072766168,-6108.468860702114
27592.6694314759,-3344.773173660542,2092.302857801427,2649.548779068477,-6323.703396365002
27592.67058222235,-3035.809405912707,1367.064089584258,2718.350831566815,-6470.483071623292
27592.67172877195,-2695.565642045897,629.936032925852,2757.878396259925,-6547.503944784873
27592.67287122186,-2327.772865363297,-111.217623493123,2767.826772003311,-6554.217606430054
27592.67400969279,-1936.429202802204,-848.5412470873168,2748.205529925772,-6490.822995297683
27592.67514431995,-1525.758383714064,-1574.264762078678,2699.336001113255,-6358.25870128245
27592.67627529592,-1100.147145039082,-2280.812082489782,2621.842569627182,-6158.179829235367
27592.67740282922,-664.1115379089392,-2960.851388944198,2516.643237810987,-5892.934435385356
27592.67852717532,-222.2369991936594,-3607.386643946299,2384.934055853451,-5565.524433382141
27592.67964861508,220.8613883421417,-4213.810909165108,2228.174471807164,-5179.56953436943
27592.68076744859,660.5833397922329,-4773.965439148294,2048.070630626837,-4739.266165079734
27592.68188401893,1092.398457195135,-5282.207564643359,1846.551504352914,-4249.329147418421
27592.6829986859,1511.879868759403,-5733.446261455736,1625.750869538142,-3714.947975372919
27592.68411184989,1914.755022789755,-6123.194813867764,1387.979455420251,-3141.719350765329
27592.68522392138,2296.933540375214,-6447.594174505944,1135.706442459142,-2535.602562146457
27592.68633535468,2654.555494152325,-6703.452568107183,871.5268332177753,-1902.840943601078
27592.68744660048,2984.008912090174,-6888.254445646166,598.1464690622258,-1249.925894025091
27592.68855813804,3281.971455320697,-7000.1858603316,318.3486740818565,-583.5169026032559
27592.68967045363,3545.431485412243,-7038.140289703556,34.97328927286799,89.60858895730507
27592.69078402515,3771.710651602033,-7001.725692611197,-249.1053296912357,762.6078283022885
27592.69189933513,3958.490586992463,-6891.267275143713,-531.0076138793726,1428.64262081671
27592.69301687152,4103.831996958766,-6707.800882177494,-807.8747819339455,2080.941152086712
27592.69413706796,4206.185396518209,-6453.075449096829,-1076.879806987241,2712.824375589239
27592.69526034561,4264.415582541204,-6129.53868641682,-1335.264211611479,3317.793265514827
27592.69638712763,4277.812809574324,-5740.310824796436,-1580.366474732039,3889.595874504648
27592.69751774032,4246.101980196903,-5289.195917023038,-1809.625985711845,4422.23730917662
27592.6986525073,4169.454510051813,-4780.625467577091,-2020.630014674243,4910.090069941614
27592.69979166746,4048.495804480474,-4219.657746966554,-2211.122750630353,5347.915776260108
27592.70093545128,3884.30135988214,-3611.90401546029,-2379.04424972222,5730.956006788894
27592.70208401255,3678.39976584824,-2963.514396224382,-2522.542214059309,6054.96015829626
27592.70323743811,3432.767571072911,-2281.123362420049,-2639.998151984472,6316.246391606687
27592.70439576054,3149.815873104627,-1571.783375171314,-2730.050928473077,6511.756056919958
27592.70555894987,2832.375273041418,-842.9033618339349,-2791.615569177529,6639.096951018797
27592.70672692903,2483.669489947906,-102.1662476135211,-2823.901266859536,6696.584112757386
27592.70789954681,2107.295727635474,642.5323797194087,-2826.424765435959,6683.270159751688
27592.70907659999,1707.186071111309,1383.181866413528,-2799.023127475292,6598.973190594397
27592.71025782094,1287.57372034254,2111.736883268269,-2741.861974821568,6444.294347379617
27592.71144292,852.9350414821334,2820.234623730144,-2655.437388896675,6220.619327050015
27592.71263151897,407.9661748933715,3500.847416685985,-2540.579822801596,5930.126309010305
27592.71382322802,-42.49621647915686,4146.022709736441,-2398.444741475004,5575.760050134991
27592.71501761192,-493.517419761998,4748.554781375806,-2230.505677723917,5161.213448760759
27592.71621422347,-940.1341471169637,5301.691118500805,-2038.536411845662,4690.882333123905
27592.71741257538,-1377.402388628076,5799.202892016229,-1824.597071261328,4169.830452849499
27592.71861216414,-1800.46561053577,6235.476567790144,-1591.00909569376,3603.727435776969
27592.7198124854,-2204.618905880464,6605.590622628193,-1340.326117827604,2998.777396121261
27592.72101303673,-2585.366523979528,6905.377038414058,-1075.303551552398,2361.644838873699
27592.72221332526,-2938.478378873212,7131.474322491541,-798.864368153296,1699.371706734581
27592.72341285766,-3260.038065355701,7281.366933826111,-514.0667092030192,1019.299122046823
27592.72461116809,-3546.497675510067,7353.419996984409,-224.060824886971,328.9638934411528
27592.72580782033,-3794.71846143169,7346.893880587054,67.94944427861606,-363.9936659020439
27592.72700237855,-4002.001006462054,7261.950573823154,358.7378503392496,-1051.904294274903
27592.72819446892,-4166.127046694373,7099.645510183529,645.1090408570534,-1727.196448777568
27592.72938374926,-4285.37455052161,6861.90627452312,923.9285667260149,-2382.467312750722
27592.73056989125,-4358.533648771914,6551.509220983958,1192.155116244129,-3010.559019413483
27592.73175262826,-4384.920712502442,6172.029599598861,1446.886248515621,-3604.666170403746
27592.7329317224,-4364.377730413368,5727.798568349526,1685.383002883949,-4158.393379007883
27592.73410697133,-4297.270052683115,5223.845141314837,1905.101515338333,-4665.829002630559
27592.73527821514,-4184.476314204697,4665.828264125063,2103.721395017633,-5121.61087859169
27592.73644533851,-4027.371516590642,4059.963215205144,2279.169518813681,-5520.980991052071
27592.73760825501,-3827.807462384014,3412.952755812303,2429.637956240565,-5859.826305682875
27592.73876692246,-3588.084441985752,2731.898667233105,2553.603331941868,-6134.722429633488
27592.73992132878,-3310.922518812087,2024.225762473257,2649.838362923006,-6342.959013960646
27592.74107149228,-2999.427241821538,1297.596755067891,2717.42233482241,-6482.562345860071
27592.74221748091,-2657.045480215048,559.8133469407958,2755.748259446981,-6552.30963176819
27592.74335938907,-2287.529438236884,-181.2556605261593,2764.52357457747,-6551.728690410911
27592.74449733442,-1894.894597702484,-917.7570311158456,2743.77016599886,-6481.095698866713
27592.74563146923,-1483.370284449956,-1641.943815075922,2693.820592486064,-6341.423656456922
27592.74676198997,-1057.348235015577,-2346.261604262899,2615.309357462841,-6134.439179058597
27592.74788910111,-621.3479622026837,-3023.40232760227,2509.164512971335,-5862.560995499575
27592.74901306348,-179.9502573330772,-3666.406074692351,2376.590649389384,-5528.856551725112
27592.75013416708,262.2405228069056,-4268.709751765602,2219.053897596792,-5137.004907265422
27592.75125271644,700.6372018573035,-4824.200578629303,2038.266272637721,-4691.257896138952
27592.75236904674,1130.721684249114,-5327.280855156914,1836.163727835473,-4196.385982031549
27592.75348353251,1548.091897203815,-5772.919198348735,1614.881974089884,-3657.619164178494
27592.75459657037,1948.496358839099,-6156.683464407502,1376.735845433355,-3080.596813049034
27592.75570857115,2327.87059807384,-6474.774447159023,1124.196973883163,-2471.313438104531
27592.75681999553,2682.385357153811,-6724.063937411718,859.8603601033295,-1836.037921951242
27592.75793129412,3008.459555969955,-6902.099728322788,586.4323277637344,-1181.284504251849
27592.75904294961,3302.804838267703,-7007.132842969895,306.6949375963136,-513.7271742392604
27592.76015543874,3562.44222156967,-7038.121786053664,23.48921552891773,159.8405792495464
27592.76126925271,3784.733065115735,-6994.740821628679,-260.3158675850065,832.5799880771883
27592.76238485717,3967.393688826949,-6877.381797466838,-541.8392452593864,1497.645004299368
27592.76350275155,4108.525868119797,-6687.144962611866,-818.2285506635897,2148.279214215987
27592.76462334476,4206.617710019396,-6425.849138904672,-1086.655071211797,2777.804466919827
27592.76574708731,4260.577224730034,-6095.998408968911,-1344.372386208013,3379.759422797485
27592.76687436903,4269.73372877525,-5700.783616943834,-1588.717062335206,3947.9015420307
27592.76800552344,4233.854167099231,-5244.066537653605,-1817.136923960819,4476.274031975782
27592.76914085471,4153.152281782592,-4730.343670071871,-2027.223067050294,4959.281047045261
27592.77028063261,4028.291229493149,-4164.711522540839,-2216.73338566437,5391.742761191945
27592.77142505968,3860.387606529284,-3552.842359067889,-2383.611549057955,5768.939950810102
27592.77257427149,3651.011386762956,-2900.94069110089,-2526.012622149594,6086.673747614093
27592.77372836935,3402.172995366566,-2215.671685760143,-2642.330360538855,6341.328468338407
27592.77488735998,3116.323343904172,-1504.136057023215,-2731.212071380602,6529.9063552452
27592.77605122275,2796.322550583141,-773.7635895534945,-2791.585237804337,6650.087669323721
27592.77721985018,2445.431751736855,-32.27595210891468,-2822.669985414878,6700.259317239448
27592.77839308129,2067.277570028591,712.4129384272151,-2823.99673844248,6679.553796832061
27592.77957070102,1665.818446631486,1452.281350910321,-2795.417058304758,6587.872389451749
27592.78075245377,1245.301087281084,2179.296643531575,-2737.110386496009,6425.898180430808
27592.78193802932,810.2218023701685,2885.497275419762,-2649.587671826826,6195.102111198377
27592.78312706945,365.2768228524678,3563.089918239587,-2533.691136627144,5897.739325636228
27592.78431915889,-84.68559926101017,4204.538463851192,-2390.591331609683,5536.839285535478
27592.7855138617,-534.7337678152668,4802.677137564825,-2221.774447179268,5116.171895672866
27592.78671072545,-979.9114048673949,5350.799466855684,-2029.02663316881,4640.207244027605
27592.78790925602,-1415.286703560635,5842.730593985165,-1814.419865535149,4114.079511394049
27592.789108971,-1836.030893999085,6272.928759610561,-1580.280802391666,3543.509450559339
27592.79030934754,-2237.457881063152,6636.534934307359,-1329.17418052496,2934.76306938472
27592.79150989882,-2615.107456961186,6929.460627611893,-1063.858195177324,2294.5424350066
27592.7927101155,-2964.779406486336,7148.419847574654,-787.263874513705,1629.935300860769
27592.79390952071,-3282.601496319096,7290.983353614339,-502.4482904059461,948.3017900468722
27592.79510764677,-3565.067925069541,7355.60059895625,-212.5629604524539,257.1982256338756
27592.79630405272,-3809.084994416289,7341.618485665416,79.18802581148151,-435.7233687691992
27592.79749832106,-4012.005337578524,7249.284984299181,369.5855494163173,-1122.804979273377
27592.79869007981,-4171.660276514212,7079.738934042463,655.4390152426384,-1796.486135880412
27592.7998789732,-4286.377346473043,6834.993064251389,933.6166918728438,-2449.375809367913
27592.80106469808,-4355.000804308805,6517.898330233992,1201.090586451814,-3074.358212414953
27592.80224696854,-4376.897464791389,6132.110779717856,1454.962783240664,-3664.654613698262
27592.80342556633,-4351.960928698476,5682.02657724621,1692.508775342744,-4213.924439902421
27592.80460029258,-4280.605460806005,5172.73781454537,1911.196473121097,-4716.309246180806
27592.80577099666,-4163.755906235646,4609.957177999453,2108.719059435599,-5166.508511573965
27592.80693755761,-4002.8324077976,3999.95382748487,2283.015175288113,-5559.825673541343
27592.80809988951,-3799.729119533501,3349.474809694608,2432.290705538717,-5892.217441727055
27592.80925796791,-3556.781678874482,2665.648047258702,2555.038425845574,-6160.337359454056
27592.81041178358,-3276.743578504605,1955.924036234326,2650.04507349674,-6361.550776419987
27592.8115613677,-2962.746851317126,1227.976551727678,2716.404478853262,-6493.962783495615
27592.81270678936,-2618.263030056703,489.617204210143,2753.522821750567,-6556.427872556135
27592.8138481434,-2247.064908560496,-251.2828431767712,2761.120585352819,-6548.551964871754
27592.81498557059,-1853.175958725833,-986.8907133163584,2739.231759202701,-6470.687183983598
27592.81611921928,-1440.837350253329,-1709.46972524172,2688.199848991418,-6323.920402573518
27592.81724927564,-1014.450887504882,-2411.479256398682,2608.670762561129,-6110.052858069085
27592.81837598296,-578.5227530798487,-3085.661930056789,2501.579131846394,-5831.564561108857
27592.81949958122,-137.6384891832597,-3725.077736552264,2368.139496358774,-5491.592102214689
27592.82062034902,303.60038505609,-4323.196903135677,2209.827720013378,-5093.881123732928
27592.82173860543,740.6241699009572,-4873.960071777061,2028.361153946314,-4642.73691968403
27592.82285469406,1168.933861834478,-5371.823213181768,1825.680122062825,-4142.978685155871
27592.82396898729,1584.146104062771,-5811.807589722433,1603.925342675472,-3599.883885275409
27592.82508188233,1982.032790480332,-6189.539016383671,1365.415222937296,-3019.132666553493
27592.82619381192,2358.563163257632,-6501.284910325117,1112.618946224876,-2406.742308991878
27592.82730522404,2709.932052786547,-6743.974313424231,848.135572575398,-1769.016560312128
27592.82841657455,3032.591247078174,-6915.219803227415,574.670621680684,-1112.488893836145
27592.82952834857,3323.286185573835,-7013.336983935618,295.0050341123409,-443.8477079295521
27592.83064102062,3579.072289653664,-7037.349242731292,11.97906307263844,230.1024486303172
27592.83175507546,3797.346375325255,-6986.996811384603,-271.5388098274719,902.5154298924342
27592.83287098488,3975.864218832161,-6862.737191707857,-552.6719864310915,1566.551643382141
27592.83398921417,4112.762713902253,-6665.741895776133,-828.5633854438604,2215.443953746185
27592.83511022959,4206.57708366477,-6397.883825277382,-1096.402879322683,2842.562772485925
27592.83623443829,4256.250941638846,-6061.737902671767,-1353.438564609739,3441.443182332851
27592.83736221076,4261.155660707682,-5660.564505250411,-1597.00904603814,4005.861400302239
27592.83849389787,4221.100881748656,-5198.279901168569,-1824.573132207175,4529.904594276992
27592.83962981183,4136.340251828321,-4679.43212651889,-2033.730763343994,5008.020035872923
27592.84077019937,4007.578454753644,-4109.179968789278,-2222.243600706332,5435.063555578408
27592.84191524931,3835.973984882027,-3493.251951755832,-2388.062529963895,5806.363686859931
27592.84306509691,3623.135928506152,-2837.897365927697,-2529.352921354302,6117.780161492445
27592.84421981737,3371.117340246869,-2149.835704584058,-2644.516882824021,6365.755175475611
27592.84537944481,3082.397996265059,-1436.184075584978,-2732.216234053219,6547.36551918207
27592.84654392584,2759.87777712486,-704.4180264278129,-2791.388024229037,6660.358212206977
27592.84771316381,2406.843678355306,37.72896494341603,-2821.265782490063,6703.197430955856
27592.84888698555,2026.95075627285,782.3245120203646,-2821.392367011443,6675.092991647849
27592.85006518483,1624.175156723144,1521.349539157056,-2791.631929565167,6576.024671777008
27592.851247467,1202.793609395672,2246.752457914261,-2732.178221211821,6406.760003483237
27592.8524335133,767.318039857425,2950.581622254248,-2643.557175716811,6168.85542030089
27592.85362296681,322.4513831341262,3625.068670668951,-2526.625013531823,5864.648573913231
27592.8548154214,-126.9600508500448,4262.715099974766,-2382.564264582175,5497.245533280266
27592.85601042493,-575.9825041860948,4856.387348641289,-2212.87521106817,5070.496711987647
27592.85720752191,-1019.668197875489,5399.427173004243,-2019.35607331641,4588.945364223067
27592.85840622197,-1453.101987510782,5885.718663729626,-1804.088596924948,4057.790558567738
27592.85960602296,-1871.468952908992,6309.77727441255,-1569.412375300558,3482.822448666439
27592.86080642339,-2270.116831076778,6666.823067418675,-1317.89580896355,2870.350103867172
27592.86200692668,-2644.6132831235,6952.840510865686,-1052.305095100622,2227.12513342339
27592.8632070313,-2990.796436002366,7164.626200674227,-775.5738731077436,1560.267306872824
27592.86440625422,-3304.832405541039,7299.833909654972,-490.7631712466641,877.1671658068608
27592.86560413694,-3583.261677165212,7357.000609077443,-201.0230143142269,185.3933067215776
27592.86680024725,-3823.03895311409,7335.559887738729,90.44585423056498,-507.399586990578
27592.86799417228,-4021.566211400494,7235.845098607959,380.4284581591194,-1193.558055781801
27592.86918553838,-4176.724768211891,7059.079752828424,665.7384891098407,-1865.531942718661
27592.87037399748,-4286.894638507551,6807.3579231489,943.25237650759,-2515.955060544396
27592.87155925229,-4350.972115273546,6483.607872634546,1209.951250823475,-3137.743969792854
27592.87274101689,-4368.375456600211,6091.560329265554,1462.94633043221,-3724.157480271978
27592.87391906461,-4339.04958864116,5635.6850881993,1699.521975447118,-4268.896915853393
27592.87509321805,-4263.458003838109,5121.130564589708,1917.162113118455,-4766.166896123109
27592.87626331997,-4142.573246080275,4553.669786800741,2113.571204691576,-5210.723360866608
27592.87742926865,-3977.857937915541,3939.612718474226,2286.704218208713,-5597.941643728186
27592.87859099322,-3771.244074852819,3285.739638808811,2434.782092522579,-5923.850829230122
27592.8797484555,-3525.106585082095,2599.220044206639,2556.309140217242,-6185.172107424867
27592.88090165831,-3242.23003684424,1887.523761602675,2650.087118229549,-6379.348843946118
27592.88205064333,-2925.772671383939,1158.33590945435,2715.223913327793,-6504.563950264635
27592.8831954771,-2579.231151597474,419.4794718960998,2751.138546423739,-6559.748767159083
27592.88433625774,-2206.397445416106,-321.1746937872731,2757.564503415069,-6544.587414924038
27592.88547313566,-1811.30709764119,-1055.806172548773,2734.548005257049,-6459.508712508989
27592.8866062641,-1398.209835205529,-1776.695304553936,2682.443740006511,-6305.673994209966
27592.88773584763,-971.5059557100901,-2476.333867870347,2601.906675180956,-6084.953071957062
27592.88886210656,-535.7111145659645,-3147.477951330445,2493.882557052885,-5799.899417545174
27592.88998529928,-95.40013599847036,-3783.23303284736,2359.593155600352,-5453.711468173688
27592.89110571372,344.8372991985019,-4377.114042517571,2200.5204636462,-5050.19243947315
27592.89222366347,780.4415876565764,-4923.103338212253,2018.388936170151,-4593.705524646452
27592.89333950038,1206.933061597495,-5415.710304801516,1815.142971525117,-4089.117659614234
27592.89445359818,1619.948577673106,-5850.009902906773,1592.927317728495,-3541.751097643579
27592.8955663507,2015.281929724881,-6221.683695039208,1354.064505501555,-2957.327770348117
27592.896678192,2388.929237836883,-6527.060010735931,1101.025984350574,-2341.898657415019
27592.89778956582,2737.113422867233,-6763.13022469126,836.4133857533825,-1701.798248482935
27592.89890094502,3056.323354631009,-6927.574955327163,562.9286177105758,-1043.571969166293
27592.90001280265,3343.334834511278,-7018.773306976789,283.3550071707525,-373.930610677216
27592.90112562657,3595.242473657893,-7035.815817061924,0.5279732142422517,300.3203437044594
27592.9022398953,3809.478639379149,-6978.508104435714,-282.6847879833497,972.3283599924021
27592.90335608764,3983.838596209794,-6847.372377653876,-563.4115949082989,1635.261598680687
27592.90447466433,4116.497356632155,-6643.644542733156,-838.7980474591195,2282.359748296061
27592.90559607215,4206.028472665863,-6369.265605118285,-1106.033943373585,2906.998070711881
27592.90672072506,4251.417802108406,-6026.872640254315,-1362.374607655323,3502.73812097053
27592.90784899049,4252.077918290022,-5619.787722842014,-1605.16418460662,4063.383050224487
27592.90898121911,4207.859349942314,-5151.984975188097,-1831.868253366597,4583.054161790112
27592.91011771316,4119.056687780202,-4628.071418444892,-2040.092269731102,5056.234294372914
27592.91125869789,3986.417428356321,-4053.268564676415,-2227.602752108901,5477.817764894687
27592.91240436166,3811.14075527486,-3433.354291040384,-2392.360382661139,5843.186949768259
27592.91355483697,3594.874779347216,-2774.622948294798,-2532.540479166382,6148.259556810213
27592.91471019771,3339.70903772153,-2083.83241710384,-2646.555718200216,6389.540670259577
27592.91587046889,3048.159079910798,-1368.136771295105,-2733.078219661691,6564.17261922868
27592.91703559259,2723.157049129094,-635.0393913779571,-2791.056449229551,6669.973375557654
27592.91820544496,2368.026117478648,107.6910778539295,-2819.735444515793,6705.481210516321
27592.91937986275,1986.443381025716,852.1182893958587,-2818.671669420611,6669.98591982046
27592.92055862434,1582.410544489388,1590.211534853479,-2787.742532997806,6563.548370263173
27592.92174144648,1160.216387292675,2313.932744936261,-2727.154482307358,6387.016011331813
27592.92292799113,724.3908017841632,3015.33330909347,-2637.447143388395,6142.028496116268
27592.9241178825,279.6500402155998,3686.658120960903,-2519.491546216846,5831.00883995121
27592.92531071774,-169.1598171063083,4320.444034118598,-2374.482967078852,5457.141954904194
27592.92650603481,-617.1060201865255,4909.594467510162,-2203.935148551955,5024.357488930582
27592.92770336581,-1059.246650034843,5447.496462007366,-2009.659837397368,4537.275735900341
27592.92890223004,-1490.686423454608,5928.097632174817,-1793.747710222309,4001.158595808174
27592.93010212975,-1906.633611822023,6345.980177073145,-1558.546261223109,3421.85338640532
27592.93130255703,-2302.460551405288,6696.433032246873,-1306.632413220634,2805.724122210175
27592.93250301509,-2673.766735018227,6975.517493554268,-1040.778247763098,2159.56664833968
27592.93370300825,-3016.428490078006,7180.112415216732,-763.9201888424651,1490.532889222191
27592.93490206066,-3326.654032363576,7307.955912530789,-479.1198558244397,806.0353718771748
27592.93609969834,-3601.02394787517,7357.66971788383,-189.5315458302937,113.668306359813
27592.93729550758,-3836.544388198942,7328.775812009407,101.6496712999173,-578.9172049766562
27592.93848907236,-4030.66592190263,7221.694266185568,391.2110900929787,-1264.068562060453
27592.93968002141,-4181.32156662084,7037.734456034818,675.9717682685163,-1934.249349662609
27592.94086802105,-4286.945065089401,6779.071095008332,952.8179833892818,-2582.123102720512
27592.94205276802,-4346.484381825712,6448.713051617917,1218.737430834591,-3200.633736200504
27592.94323400232,-4359.410370786842,6050.457894437302,1470.856306574341,-3783.092183196215
27592.94441149749,-4325.717154966142,5588.842654726942,1706.469007466065,-4323.245248566622
27592.94558506576,-4245.917208850441,5069.0827583423,1923.06872015403,-4815.346012821822
27592.94675456613,-4121.028742844537,4497.000726002515,2118.375154636912,-5254.21692966244
27592.94791989865,-3952.557671665925,3878.954432357966,2290.356248956594,-5635.298502602242
27592.9490809967,-3742.47589885461,3221.763385382443,2437.246775636077,-5954.690452384051
27592.95023784144,-3493.191044631391,2532.61906857451,2557.566491514242,-6209.191015405357
27592.95139041767,-3207.524229878969,1819.027302529661,2650.128603684636,-6396.314622159181
27592.95253878236,-2888.658915003783,1088.681229076453,2714.055879035845,-6514.324502743612
27592.95368301846,-2540.110774850848,349.4021593140178,2748.780827314351,-6562.230467753252
27592.95482321743,-2165.692791959398,-390.93391580854,2754.048864415079,-6539.793088870309
27592.95595953302,-1769.454113284975,-1124.515666818526,2729.918263968569,-6447.518015270458
27592.95709213934,-1355.64675067233,-1843.651225695507,2676.754075752358,-6286.638912556801
27592.95822122008,-928.6835987510028,-2540.840846000982,2595.22258319771,-6059.100812090388
27592.95934701713,-493.0725928028171,-3208.882695267293,2486.277739055672,-5767.522719389922
27592.96046979806,-53.38059545555393,-3840.921910929173,2351.148404377668,-5415.164793068117
27592.96158984112,385.8075976152225,-4430.50822937273,2191.325017538542,-5005.893729747872
27592.96270746568,819.9474765753714,-4971.67309143867,2008.537826555175,-4544.12706774009
27592.96382302969,1244.578491038269,-5458.979143317097,1804.735605879583,-4034.779927853942
27592.9649369032,1655.356569591163,-5887.554334494474,1582.068177956066,-3483.221537863728
27592.96604949769,2048.105644318462,-6253.144281985737,1342.857703511162,-2895.204072306553
27592.96716123398,2418.843774735881,-6552.132899365686,1089.58062338453,-2276.818389303907
27592.96827256861,2763.827550691255,-6781.577491859342,824.8369488660135,-1634.418881112775
27592.96938396292,3079.574121801397,-6939.220527749574,551.3316910057041,-974.578374690589
27592.97049590845,3362.898302394908,-7023.508650212281,271.8430602653295,-304.0111187172793
27592.97160887665,3610.926022171742,-7033.596539858719,-10.79083430361754,370.4593965143354
27592.97272336518,3821.13078295682,-6969.355310954209,-293.7093580795844,1041.990253663178
27592.97383983621,3991.342607430908,-6831.372758081477,-574.0395683592022,1703.743781209157
27592.97495875642,4119.776732283165,-6620.94881885914,-848.9322616898645,2348.973594629892
27592.97608055531,4205.04519903353,-6340.092003758841,-1115.577542211034,2971.061854364738
27592.97720565703,4246.175716430486,-5991.499651739393,-1371.238494137262,3563.59890533419
27592.97833443069,4242.621138233162,-5578.552469457902,-1613.265419702767,4120.417270409064
27592.97946721056,4194.272471289828,-5105.287668689632,-1839.12694403345,4635.664812326305
27592.9806042747,4101.467209244389,-4576.378737895178,-2046.431727320471,5103.855815999863
27592.98174586756,3964.992142057962,-3997.090483330044,-2232.958493232177,5519.940669992631
27592.98289217002,3786.085690523006,-3373.250933672467,-2396.675454623959,5879.351082024848
27592.98404330742,3566.434098316852,-2711.200168899846,-2535.766351136002,6178.059902297508
27592.98519933334,3308.166674735518,-2017.744916403033,-2648.651948242229,6412.630388558922
27592.98636026327,3013.835374526071,-1300.076505083643,-2734.015160179424,6580.272258317947
27592.98752603033,2686.406266741332,-565.7286457881178,-2790.816270435448,6678.876083611848
27592.98869652222,2329.226983957082,177.5201244602927,-2818.313198935195,6707.056919845701
27592.98987154752,1946.007263999661,921.7062164261263,-2816.074487197929,6664.182423003759
27592.99105088186,1540.770175057779,1658.79606977625,-2783.991152159313,6550.395444061522
27592.99223423963,1117.820955038986,2380.757647392636,-2722.283059382062,6366.625699007914
27592.99342127282,681.7037828002633,3079.652598071127,-2631.503585099817,6114.596273337037
27592.99461160201,237.1417965009763,3747.748943156202,-2512.537030889276,5796.811745996287
27592.9958048138,-211.0148765440055,4377.611887409358,-2366.592327653986,5416.538516162641
27592.99700045459,-657.8421083013067,4962.191820949933,-2195.193888921381,4977.778425180662
27592.99819804321,-1098.404067380024,5494.919762971798,-2000.166077533956,4485.226714074662
27592.99939710744,-1527.825061924387,5969.804941920227,-1783.607845838165,3944.206374259741
27593.00004669424,-1753.963438823888,6200.842715592522,-1658.207857870381,3633.15286806129
