DefaultSC.A1ModJulian,DefaultSC.EarthMJ2000Eq.X,DefaultSC.gse.X,DefaultSC.gse.Y,DefaultSC.gse.Z
26861.00003512016,4508.538504394938,-1917.736276295767,-4094.651303663311,5626.377011540164
26861.0007295646,4380.441346175201,-1489.536254390571,-4189.027070633235,5699.883797292372
26861.00182766272,4144.262725673464,-801.6201896411089,-4305.782243087964,5771.909491006657
26861.00298668587,3852.780056791639,-67.54288982476555,-4385.104707413381,5788.949329730801
26861.00415684556,3517.886606618717,674.2263591912149,-4418.956983727729,5744.97742414565
26861.00533224713,3144.245843040105,1412.118720678179,-4406.168102184959,5639.826426975214
26861.00651200028,2735.893416595148,2137.715846498437,-4346.622149321566,5474.348212365938
26861.00769571693,2297.14792899652,2843.017462072073,-4240.763172197884,5250.086405108841
26861.00888305167,1832.677208205712,3520.241077518423,-4089.558359413944,4969.251677703448
26861.01007358218,1347.489675905028,4161.843287665117,-3894.500182213977,4634.721999179511
26861.01126688495,846.8501888485279,4760.655659225939,-3657.586474674831,4249.999985117758
26861.01246247187,336.2460519840905,5309.940759939129,-3381.313075919848,3819.196363670132
26861.01365988063,-178.7144597226193,5803.520923621303,-3068.630036914348,3346.9565543537
26861.01485858894,-692.3319227065502,6235.817077583069,-2722.929359229702,2838.439641570152
26861.01605807918,-1198.911592146313,6601.949960823758,-2347.99216771763,2299.236245787991
26861.01725784161,-1692.833395847067,6897.799924701786,-1947.942180883515,1735.299647185816
26861.01845739826,-2168.628723755508,7120.059874098601,-1527.187515402444,1152.862296739792
26861.01965623128,-2621.017438989795,7266.2610033908,-1090.392804991349,558.3956117892362
26861.02085389327,-3045.014051930911,7334.820784907671,-642.3844847324551,-41.52119548520159
26861.02204993521,-3435.957610619886,7325.045364795221,-188.1179154476043,-640.2451457262769
26861.02324393884,-3789.577842962238,7237.138365264074,267.3934926295443,-1231.164487255157
26861.02443551454,-4102.042325754787,7072.192450917122,719.1371062955985,-1807.775705424982
26861.02562432387,-4370.003494413131,6832.165597015181,1162.168350548431,-2363.769849803528
26861.02681004569,-4590.624766303637,6519.855652583608,1591.654983591213,-2893.088271476282
26861.02799240295,-4761.61568216091,6138.856536228509,2002.942095272402,-3390.003498088999
26861.02917117898,-4881.252852320973,5693.50044878439,2391.608711044416,-3849.187314130462
26861.03034615608,-4948.38670882747,5188.822838328569,2753.495271145977,-4265.743128373995
26861.03151716838,-4962.456525466454,4630.481402512996,3084.766547981615,-4635.279544819768
26861.03268409908,-4923.487439387404,4024.683400983726,3381.949224066438,-4953.951451411055
26861.03384685957,-4832.083145095725,3378.119737958576,3641.96069045302,-5218.490314538212
26861.03500541969,-4689.410206458345,2697.868591085102,3862.145421188245,-5426.240738761118
26861.03615973789,-4497.187010551304,1991.353495812018,4040.285948772334,-5575.170096848012
26861.03730984321,-4257.64978289173,1266.210979789609,4174.638570153405,-5663.89974642093
26861.03845578768,-3973.52735358358,530.232075890166,4263.937406764875,-5691.70342936353
26861.03959767995,-3647.99774485826,-208.7448358456802,4307.40507751495,-5658.508413731049
26861.04073561762,-3284.667275304091,-942.8751280615352,4304.751937150697,-5564.889584074264
26861.0418697609,-2887.507294748392,-1664.438698239561,4256.177303838433,-5412.055122233648
26861.04300028528,-2460.821284489825,-2365.890023847679,4162.359985250289,-5201.827900524761
26861.04412738393,-2009.196688594486,-3039.937744532688,4024.44794978266,-4936.622081427731
26861.04525129639,-1537.442276542702,-3679.635373867339,3844.037676424215,-4619.404656138762
26861.04637230962,-1050.533381078203,-4278.447069517699,3623.148467925092,-4253.653341831673
26861.04749070638,-553.5810401427933,-4830.281037052317,3364.205934562593,-3843.330547400859
26861.04860680123,-51.76388881356996,-5329.567130580485,3070.007669978601,-3392.828316473499
26861.0497209627,449.7351477449674,-5771.313538458237,2743.682631316078,-2906.90747608987
26861.05083355946,945.7561685072027,-6151.124510133391,2388.669843909857,-2390.667102982083
26861.05194499087,1431.226017344576,-6465.250011965942,2008.673337508669,-1849.478598839278
26861.0530557,1901.211348850708,-6710.614199122723,1607.617352226613,-1288.922704414351
26861.05416613613,2350.947062696374,-6884.824680131876,1189.61897704918,-714.7519121248397
26861.05527677845,2775.888499199242,-6986.192320990333,758.9394572556636,-132.8233577490246
26861.05638809754,3171.735863351449,-7013.735172914983,319.9584211220318,450.9360386254864
26861.05750057986,3534.481334274804,-6967.186125056018,-122.8758390509677,1030.596560828885
26861.05861471281,3860.437653804959,-6846.989702653311,-565.080952646739,1600.271341190612
26861.05973098276,4146.269130271957,-6654.295665123309,-1002.179639324235,2154.16767043343
26861.06084983695,4389.012343263416,-6390.956845889185,-1429.724655811393,2686.620036562049
26861.06197171732,4586.113935596783,-6059.511257058655,-1843.352256227687,3192.15890396628
26861.063097054,4735.452050827274,-5663.161129960075,-2238.818606603442,3665.556570271249
26861.06422619643,4835.351367389933,-5205.77547324893,-2612.015557922162,4101.848664119708
26861.06535947082,4884.615510676162,-4691.846511996604,-2959.032438199278,4496.410727759083
26861.06649716361,4882.541872460606,-4126.460463641537,-3276.189544820892,4844.999158231748
26861.06763947721,4828.938367324328,-3515.28188819505,-3560.066191963541,5143.786639130393
26861.06878660132,4724.134189778445,-2864.472285447973,-3807.559035053347,5389.429356488395
26861.06993863685,4568.989678213892,-2180.678087018542,-4015.900154222894,5579.089674679949
26861.07109560885,4364.902825961022,-1470.967973099126,-4182.69993326401,5710.485231926644
26861.07225752282,4113.795977885865,-742.7322621104508,-4305.988631226935,5781.931504783569
26861.07342428195,3818.121307778833,-3.661303611031599,-4384.234872225079,5792.36374248009
26861.07459575,3480.83373234947,738.3716115233885,-4416.380721490921,5741.368796473036
26861.07577172344,3105.374507446011,1475.376759142944,-4401.860446266764,5629.201689508875
26861.07695194071,2695.640286934888,2199.342213948246,-4340.618264286087,5456.797312277545
26861.07813608235,2255.947436250412,2902.326027945113,-4233.119492615609,5225.773600915133
26861.07932378514,1790.984318701654,3576.558772976565,-4080.353754812842,4938.422850308566
26861.08051465145,1305.758036268227,4214.542433881599,-3883.829767473812,4597.692295487052
26861.08170822477,805.5498197866422,4809.130304976312,-3645.569329357769,4207.165993173039
26861.08290405498,295.8284207059969,5353.650183513786,-3368.077568955866,3771.009762424681
26861.08410164293,-217.7904187295134,5841.960414267075,-3054.328151407397,3293.944369727151
26861.08530048593,-729.6292894098704,6268.550097648679,-2707.722020849666,2781.178063861643
26861.08650006253,-1234.010717420096,6628.602915182937,-2332.052819881358,2238.352513093864
26861.08769986885,-1725.340945390293,6918.069583748473,-1931.451720360863,1671.46036743553
26861.08889940963,-2198.173012528344,7133.712056015035,-1510.340054383467,1086.776695571508
26861.09009819257,-2647.269868377201,7273.141735960646,-1073.378522823182,490.7866292805347
26861.09129573723,-3067.670861812735,7334.850354754302,-625.4083757118985,-109.8967051793707
26861.09249159418,-3454.757168688647,7318.226694495017,-171.3858046185742,-708.6214571094149
26861.09368537181,-3804.311737961299,7223.55430651799,283.688124153171,-1298.789815129153
26861.09487668384,-4112.54903064157,7052.002260600805,734.8067870949865,-1873.909195740461
26861.09606518018,-4376.166849850826,6805.60599541333,1177.028301521947,-2427.683172061522
26861.09725056266,-4592.383083573237,6487.230977141704,1605.538228248791,-2954.090156077934
26861.0984325574,-4758.956627853133,6100.53700829821,2015.693743128325,-3447.437634348702
26861.09961092194,-4874.21101381864,5649.929253155843,2403.078438699558,-3902.428767664273
26861.10078547616,-4937.050158279976,5140.487701534451,2763.560289423308,-4314.230404848874
26861.1019560577,-4946.959831004146,4577.918749876251,3093.320703591686,-4678.505647256058
26861.10312255604,-4904.009507712682,3968.470415424633,3388.904607913684,-4991.469572313549
26861.1042848813,-4808.845084818203,3318.871515379016,3647.246482507819,-5249.916178201035
26861.10544298378,-4662.675894398675,2636.242636143922,3865.705823172979,-5451.254160980471
26861.10659686306,-4467.252225960704,1928.006514847949,4042.092041774652,-5593.528601771892
26861.10774653688,-4224.844122935331,1201.821721704235,4174.677651328224,-5675.430113695721
26861.10889206531,-3938.207447431215,465.4824260298649,4262.216031171694,-5696.30564959906
26861.11003351939,-3610.556210417357,-273.147618765269,4303.94702844807,-5656.157578488596
26861.11117103739,-3245.507396232099,-1006.256534163262,4299.60235492838,-5555.635290186221
26861.1123047653,-2847.053467248217,-1726.12891461536,4249.399279638974,-5396.021180681095
26861.1134348861,-2419.507733427904,-2425.245044967824,4154.034074295597,-5179.209209888251
26861.11456161217,-1967.457271076541,-3096.352662777212,4014.668594499365,-4907.67786608613
26861.11568518082,-1495.713684426463,-3732.536735689796,3832.913263393572,-4584.458574879913
26861.11680586851,-1009.254585101278,-4327.294666368713,3610.802468791412,-4213.093305831951
26861.11792397245,-513.1780961593261,-4874.58693334353,3350.771018653176,-3797.596716948286
26861.11903982382,-12.6441131466905,-5368.899133660869,3055.621840316757,-3342.405177604704
26861.12015378763,487.1781785400644,-5805.288570434277,2728.492117982276,-2852.325684382652
26861.12126624253,981.152289100714,-6179.417102974049,2372.823712110551,-2332.492198170225
26861.12237759177,1464.228883363847,-6487.591264715191,1992.323363816269,-1788.307472756367
26861.12348827005,1931.496056871224,-6726.790541540037,1590.921000147989,-1225.383876922269
26861.12459873268,2378.219064745988,-6894.683287328406,1172.733155233421,-649.492580752767
26861.12570944633,2799.878627093798,-6989.639437358495,742.0262122805653,-66.51290592878786
26861.12682088892,3192.21050621361,-7010.73965061096,303.176160395654,517.6224883413986
26861.12793354628,3551.240935819624,-6957.777920314827,-139.3705837991935,1096.980165709426
26861.12904790177,3873.317290561997,-6831.259895253196,-581.1333167521309,1665.673893669715
26861.13016442917,4155.138171987326,-6632.398187473024,-1017.634226692687,2217.913608518507
26861.13128359524,4393.783641064431,-6363.101457687689,-1444.439267686143,2748.058461804616
26861.13240582056,4586.734968153416,-6025.970203056851,-1857.183192363798,3250.649757328187
26861.13353151958,4731.90934661588,-5624.269333057736,-2251.624932667143,3720.481048110885
26861.13466106969,4827.676191997334,-5161.911873145804,-2623.675518525207,4152.633301943122
26861.1357947847,4872.877720070725,-4643.444202788893,-2969.430045159521,4542.515628539633
26861.13693291845,4866.851886042247,-4074.015587408858,-3285.211255976457,4885.919325555074
26861.13807572908,4809.445548965002,-3459.304841234787,-3567.626192657388,5179.083574445284
26861.13922335449,4701.027752735317,-2805.538084156622,-3813.571358327007,5418.704900902821
26861.14037590039,4542.496867829382,-2119.392664005429,-4020.295343633191,5602.007757156961
26861.14153341457,4335.282115816698,-1407.950393959109,-4185.427056977396,5726.775996927803
26861.14269584711,4081.349238965786,-678.6568894157713,-4307.005265902371,5791.38687509575
26861.14386312295,3783.178018056893,60.79598863768342,-4383.519380491529,5794.849742904939
26861.14503509137,3443.755284683619,802.5180209611833,-4413.928562114387,5736.825192617682
26861.14621153278,3066.552722866049,1538.509049060222,-4397.686335872263,5617.646097557312
26861.14739218422,2655.48956194125,2260.764031419747,-4334.757283095976,5438.325900315357
26861.14857672016,2214.90190723467,2961.353207221436,-4225.627261476827,5200.561576074061
26861.1497647798,1749.489931239232,3632.532466894072,-4071.305318337107,4906.721526394935
26861.15095594801,1264.275464860003,4266.826155930463,-3873.321938152715,4559.832225752561
26861.15214979047,764.5330822632252,4857.138941516374,-3633.713316660912,4163.542429717603
26861.15334583592,255.7372779920572,5396.83465961399,-3355.005417230621,3722.091437176033
26861.154543585,-256.504476953569,5879.826134982489,-3040.188029119984,3240.262592932293
26861.15574252645,-766.5251118310026,6300.660468178203,-2692.678870674798,2723.324148441511
26861.15694216578,-1268.677946302968,6654.596287064976,-2316.275541938501,2176.955038238571
26861.15814199203,-1757.390342686434,6937.650455183995,-1915.12043093259,1607.191872511608
26861.1593414857,-2227.234817449471,7146.653901560727,-1493.650729933691,1020.354939689706
26861.16054016863,-2673.014078936475,7279.299098575717,-1056.527710908527,422.9477892225564
26861.16173757252,-3089.809605240162,7334.15721277279,-608.5907043892347,-178.4063969626977
26861.16293325476,-3473.04531597803,7310.694487206163,-154.7932920772976,-777.0519310467259
26861.16412680682,-3818.542401936559,7209.27281366873,299.8593094856178,-1366.38406366186
26861.16531784921,-4122.564053009663,7031.138988673609,750.3676789201497,-1939.924042169694
26861.16650603069,-4381.856365836497,6778.404605133362,1191.796547404323,-2491.394146940681
26861.16769106307,-4593.688962299951,6454.005459751133,1619.344453046432,-3014.804958742267
26861.16887266203,-4755.86949818035,6061.67328636924,2028.376398630412,-3504.495213136915
26861.17005061527,-4866.77542695147,5605.866424480837,2414.499651366901,-3955.223341653009
26861.1712247426,-4925.358175892133,5091.720672982418,2773.596389356579,-4362.2044817647
26861.17239487966,-4931.150329701535,4524.993984617729,3101.863308060698,-4721.155877553836
26861.17356091957,-4884.266804758642,3911.977085083458,3395.863665884943,-5028.354166582047
26861.17472279301,-4785.394654769678,3259.424570483605,3652.554651629707,-5280.662670527381
26861.17588045594,-4635.780606550197,2574.482386896214,3869.314204625339,-5475.557449316986
26861.17703390404,-4437.210442988665,1864.597273642255,4043.968708813916,-5611.152048597031
26861.17818315532,-4191.986296247959,1137.442425411411,4174.809088821477,-5686.209023149318
26861.17932826196,-3902.894754353796,400.8245972534564,4260.606886878727,-5700.148888469397
26861.18046932835,-3573.16523818461,-337.4139185610115,4300.622075277216,-5653.047367989278
26861.1816064604,-3206.443789161012,-1069.447466126184,4294.602565782071,-5545.627803173583
26861.18273980547,-2806.739486142215,-1787.575996087641,4242.784501312015,-5379.246853021085
26861.18386956033,-2378.3726391606,-2484.309963124487,4145.880932934855,-5155.867993392519
26861.1849959325,-1925.939126777218,-3152.422147508239,4005.070283143659,-4878.039184255704
26861.18611916582,-1454.250320256423,-3785.035756689264,3821.977344607559,-4548.855650632291
26861.18723954021,-968.2799797010798,-4375.690031581146,3598.649527330538,-4171.919364250426
26861.18835736158,-473.1154176028905,-4918.3947494879,3337.53171058987,-3751.298139038439
26861.18947296306,26.09573794718339,-5407.685357759861,3041.436396378038,-3291.478359588498
26861.19058672303,524.2057360997153,-5838.677024737292,2713.505252830229,-2797.306382423129
26861.19169901545,1016.09520399306,-6207.084791585602,2357.187845030645,-2273.957341391113
26861.1928102599,1496.744546046825,-6509.277512291263,1976.190232876193,-1726.859304856438
26861.19392088955,1961.266557428499,-6742.292034634169,1574.445583020753,-1161.652053896199
26861.19503136512,2404.95667693028,-6903.856778146892,1156.069836077708,-584.1247139957022
26861.19614217207,2823.332553342066,-6992.401899903372,725.3220421461573,-0.1613982486792338
26861.19725376695,3212.153206805694,-7007.064405380005,286.5852854376592,584.2851377870886
26861.1983666353,3567.478461886207,-6947.698292147606,-155.6958372580247,1163.278218094345
26861.19948124493,3885.68655367299,-6814.870955696973,-597.037450715056,1730.92660951276
26861.20059807104,4163.514209094905,-6609.855941469946,-1032.966554738512,2281.450447891782
26861.20171757032,4398.078021932915,-6334.623904069406,-1459.050689145962,2809.219716564059
26861.20284017806,4586.901705927674,-5991.829366313676,-1870.936745247354,3308.804284863003
26861.20396629451,4727.939472149021,-5584.796420796444,-2264.385923419979,3775.018677998072
26861.20509627829,4819.599783922798,-5117.499357345606,-2635.312009615861,4202.970545550294
26861.2062304487,4860.767227692362,-4594.534077183975,-2979.822723063774,4588.111924422197
26861.20736908289,4850.819813567578,-4021.08477115712,-3294.258503197126,4926.286431840761
26861.20851238755,4789.644570684618,-3402.898806737439,-3575.224674331454,5213.768785293457
26861.20966053883,4677.647757431332,-2746.220167233737,-3819.640976354625,5447.321625660748
26861.21081361121,4515.767509238936,-2057.776492134731,-4024.763442188542,5624.223021936717
26861.21197165014,4305.469863844832,-1344.678644659348,-4188.236878857089,5742.322468681143
26861.21313461141,4048.753067698953,-614.3897209092379,-4308.117413261554,5800.066727993507
26861.21430239882,3748.13267388797,125.3708688285758,-4382.909859157703,5796.536314838509
26861.21547485363,3406.62662170241,866.700698920813,-4411.592216624056,5731.467994524038
26861.21665175454,3027.732481301523,1601.599228997153,-4393.637765799614,5605.272436017738
26861.21783282237,2615.396314746081,2322.060236624207,-4329.031811923678,5419.043672055181
26861.21901776178,2173.9600085454,3020.188831487488,-4218.277659065602,5174.550778670578
26861.22020616226,1708.154184200639,3688.236518625446,-4062.408419519025,4874.248691036145
26861.22139763725,1222.996820529735,4318.777102187217,-3862.970472793145,4521.231671449772
26861.22259172747,723.7743692536337,4904.742831843199,-3622.02234811677,4119.226711994145
26861.22378796303,215.9572823968903,5439.547537658344,-3342.107645644208,3672.540265376984
26861.22498585916,-294.862388189763,5917.165549409601,-3026.228211488669,3186.011436892098
26861.22618490651,-803.0329789429616,6332.204380260468,-2677.81424860941,2664.96193796731
26861.22738458418,-1302.916502393186,6679.980227069138,-2300.683040558574,2115.130475956582
26861.22858439863,-1788.972694590666,6956.587105824747,-1898.981686762915,1542.586748462359
26861.22978383993,-2255.807476113119,7158.931664602718,-1477.151249385497,953.6786627379524
26861.23098241573,-2698.251952699816,7284.7805083448,-1039.862893621557,354.9405598789667
26861.23217967722,-3111.432482546588,7332.784733124014,-591.9513400090716,-246.9989654626884
26861.23337515704,-3490.80590057261,7302.488878685637,-138.3795263048614,-845.4656054972875
26861.23456848039,-3832.24810013852,7194.332304492158,315.8624128593232,-1433.874110431393
26861.23575924319,-4132.061356332352,7009.640490848152,765.770442560823,-2005.745083946208
26861.23694711705,-4387.045589344703,6750.596292170083,1206.424876141327,-2554.831851206804
26861.23813179994,-4594.516317781032,6420.209583786346,1633.02823013189,-3075.166845011668
26861.2393130433,-4752.335842728098,6022.267954880964,2040.969088111844,-3561.139878288362
26861.24049059545,-4858.925051186114,5561.304769166743,2425.853800026488,-4007.536114265113
26861.24166429226,-4913.286736830951,5042.508253875707,2783.58499142546,-4409.627907143
26861.24283398428,-4915.0012803982,4471.680499098422,3110.379892748715,-4763.193691383454
26861.24399956245,-4864.228366980243,3855.156913870644,3402.818121174358,-5064.570406933657
26861.24516097534,-4761.696076895173,3199.718857232577,3657.878834038196,-5310.69080101777
26861.24631817589,-4608.689876312572,2512.542616272094,3872.957092208636,-5499.098217945389
26861.247471166,-4407.030189035083,1801.092726810278,4045.898771129826,-5627.978124360733
26861.24861996601,-4159.050500991899,1073.054877304143,4175.013567612526,-5696.166094170027
26861.24976464078,-3867.561999784198,336.2340759425888,4259.092296136148,-5703.15652678839
26861.25090528398,-3535.820233583261,-401.5215012034728,4297.411900397255,-5649.098639050265
26861.25204200953,-3167.488496822283,-1132.399588626224,4289.738372164822,-5534.789220526037
26861.25317496913,-2766.589181242564,-1848.718175069149,4236.32452256427,-5361.656326745561
26861.25430435247,-2337.455591237979,-2543.005330853878,4137.900031349663,-5131.734722583007
26861.25543037142,-1884.688150893129,-3208.065266342229,3995.658715374405,-4847.639546774663
26861.25655327924,-1413.095759716676,-3837.061181948463,3811.238276149767,-4512.527534023769
26861.25767335138,-927.6509050577262,-4423.569689376877,3586.699692627069,-4130.061776112399
26861.25879090005,-433.4307973529317,-4961.648807056574,3324.49826555391,-3704.363398314295
26861.25990625815,64.42842532826384,-5445.883200157796,3027.45674381671,-3239.969213097882
26861.26101979201,560.7892149372929,-5871.437255077795,2698.729427405136,-2741.776211839944
26861.26213191228,1050.567949053947,-6234.096369821114,2341.762072044824,-2214.982116952276
26861.2632430363,1528.766534758875,-6530.284938009854,1960.265825286963,-1665.047903408562
26861.26435360741,1990.527376827177,-6757.100256935139,1558.173349911627,-1097.634316688175
26861.26546407774,2431.170180278616,-6912.328156060243,1139.605436881697,-518.5549356242241
26861.26657491836,2846.237847255413,-6994.45918938544,708.8274753478993,66.284360072254
26861.26768661522,3231.533162840946,-7002.694172373986,270.2104504378601,650.9383881573688
26861.26879965647,3583.14999323864,-6936.945277962463,-171.8042759488303,1229.470003858884
26861.26991452373,3897.504443065537,-6797.835037174789,-612.7413321340169,1795.998673688477
26861.27103165653,4171.358590678009,-6586.698329362142,-1048.117461859727,2344.735861933788
26861.27215152782,4401.870097720865,-6305.559912036005,-1473.511356064905,2870.075035923865
26861.27327454699,4586.595398470403,-5957.136721291477,-1884.565964460411,3366.595417255439
26861.27440110374,4723.527431548308,-5544.812574572601,-2277.046274897417,3829.135536342751
26861.27553156353,4811.116054369277,-5072.612701972917,-2646.877268413493,4252.840375851139
26861.2766662475,4848.2854229191,-4545.18133773899,-2990.176641497116,4633.201980901626
26861.27780540612,4834.45286133259,-3967.761699187614,-3303.287884277907,4966.100876202393
26861.27894925661,4769.545362772373,-3346.138850290658,-3582.831785521189,5247.866604406457
26861.2800979426,4654.010866164931,-2686.613156849394,-3825.734499742684,5475.311490147433
26861.28125156036,4488.823935230952,-1995.933151438802,-4029.272308313238,5645.780704705615
26861.28241012675,4275.49114563917,-1281.253887918322,-4191.101525574796,5757.1862365092
26861.28357361013,4016.043001940877,-550.0514062313346,-4309.297924594859,5808.047121142505
26861.28474191798,3713.024540841241,189.9438480807587,-4382.383857971821,5797.516014690419
26861.28591486991,3369.486943048163,930.80952600095,-4409.354222554009,5725.404792957497
26861.28709224872,2988.951050621082,1664.549028344389,-4389.701540199104,5592.200899764038
26861.28827376712,2575.385744805953,2383.160282925287,-4323.430291582695,5399.076470615306
26861.28945911161,2133.155718043588,3078.754924975213,-4211.064772126427,5147.881439391884
26861.29064788191,1666.999420520274,3743.616358377429,-4053.656841869663,4841.145383892856
26861.29183968415,1181.943945188975,4370.347586405218,-3852.772292225231,4482.037748165932
26861.29303404699,683.2819310742162,4951.916244018325,-3610.489988897151,4074.360049302487
26861.29423051192,176.4748972691677,5481.790387929686,-3329.368103817304,3622.480956256508
26861.29542857673,-332.8873607215352,5953.992217885825,-3012.428082930502,3131.306940759399
26861.29662774171,-839.1722905565641,6363.195123356396,-2663.111633827372,2606.210626659242
26861.29782747883,-1336.759214811006,6704.780036828794,-2285.250063682522,2052.981502353632
26861.29902729464,-1820.133335876632,6974.913109746038,-1883.000468344264,1477.729333271761
26861.30022669296,-2283.936072680584,7170.578690806068,-1460.80669157489,886.8270760307828
26861.30142517816,-2723.031259263687,7289.619150900824,-1023.345934836972,286.833656340802
26861.30262229612,-3132.581402505941,7330.763825619888,-575.4575835986846,-315.6053620602356
26861.30381759821,-3508.090903063694,7293.636456075482,-122.0977903160627,-913.8196736814534
26861.3050106905,-3845.473625165659,7178.755138738528,331.7382424228765,-1501.218049349452
26861.30620119037,-4141.084379028985,6987.520528031571,781.0591507318038,-2071.344060915861
26861.30738876268,-4391.768875286185,6722.190212675657,1220.949451253167,-2617.968594278426
26861.30857311866,-4594.893817602741,6385.841433797727,1646.625381675128,-3135.159070121767
26861.30975399041,-4748.367624200742,5982.334423316762,2053.479609606734,-3617.333928979409
26861.31093116139,-4850.664476724283,5516.252182192227,2437.143220920614,-4059.336639197581
26861.31210445445,-4900.832728216514,4992.842718361686,2793.52831262917,-4456.484223904103
26861.31327372163,-4898.499382302026,4417.957543281179,3118.868207565532,-4804.612050515098
26861.31443887387,-4843.867724949313,3797.964813106144,3409.764265034159,-5100.123626433717
26861.31559983695,-4737.708721488896,3139.694142558572,3663.207452821214,-5340.011446232802
26861.31675658043,-4581.346256080415,2450.342035616982,3876.615313243868,-5521.892474615612
26861.31790909786,-4376.638353340243,1737.399716757764,4047.85153196509,-5644.02374420583
26861.31905743695,-4125.945721138321,1008.549601744966,4175.248818431539,-5705.317666964435
26861.32020165504,-3832.108484272684,271.6071488698444,4257.615325104849,-5705.342121573207
26861.32134186134,-3498.401286285327,-465.5911643896477,4294.24692122914,-5644.320284329177
26861.32247816634,-3128.506900367383,-1195.239777497576,4284.926486234624,-5523.122065063884
26861.32361072397,-2726.461370206622,-1909.674039780563,4229.923573833414,-5343.247344835787
26861.32473973559,-2296.603360775302,-2601.451812115862,4129.98272502651,-5106.798263488529
26861.32586541184,-1843.538646053014,-3263.404999127731,3986.312046383512,-4816.456303956871
26861.32698799155,-1372.082978795238,-3888.723402639572,3800.565356869966,-4475.445939949519
26861.32810776638,-887.198684969605,-4471.033417931727,3574.814171854483,-4087.485457363824
26861.32922504074,-393.9584926263806,-5004.43460155643,3311.526991370281,-3656.75376510157
26861.33034017131,102.5240126562557,-5483.57210989541,3013.530649797932,-3187.827896401077
26861.33145350795,597.1198561013165,-5903.655843017284,2683.991980640594,-2685.655524989414
26861.33256546863,1084.768123831386,-6260.530576365085,2326.36184378903,-2155.469650111107
26861.33367646638,1560.491787492303,-6550.678720848587,1944.358538720949,-1602.765838792869
26861.33478695283,2019.462895129644,-6771.261079011554,1541.916079785244,-1033.226917882052
26861.33589739727,2457.036578819171,-6920.127532482255,1123.151201240107,-452.6771163834287
26861.33700827051,2868.785803011559,-6995.828567825471,692.329987279852,132.9644324320511
26861.33812005633,3250.544761291891,-6997.625444673545,253.8237687108511,717.7443067283918
26861.33923324318,3598.441405601312,-6925.491012757827,-187.9278103247243,1295.724460956131
26861.34034830184,3908.924442469268,-6780.109590744994,-628.4478923159693,1861.02398206953
26861.34146569683,4178.799378253135,-6562.871491327915,-1063.266984122874,2407.878011507328
26861.34258588296,4405.256141187947,-6275.861076631869,-1487.96153405811,2930.687696399744
26861.34370927861,4585.89065716922,-5921.848023753459,-1898.183715248939,3424.058903372398
26861.3448362633,4718.731990902136,-5504.271857192194,-2289.70146448998,3882.853586759388
26861.34596719273,4802.267586009561,-5027.212468879302,-2658.444340016462,4302.246791085199
26861.34710237142,4835.460305017699,-4495.37048191936,-3000.534316763605,4677.765053135099
26861.34824205629,4817.767449999897,-3914.032013025005,-3312.327778380762,5005.337360101481
26861.34938643972,4749.156067519657,-3289.036899023098,-3590.451255466789,5281.338280841683
26861.35053568217,4630.111669756132,-2626.713619486045,-3831.848617452775,5502.641297732081
26861.35168985903,4461.647716405529,-1933.854428846244,-4033.806170132101,5666.648757567014
26861.3528489808,4245.307744710388,-1217.64469269796,-4193.995461878883,5771.338460940892
26861.35401300966,3983.157242751896,-485.5843089032655,-4310.508811842839,5815.299306728567
26861.35518183664,3677.776683788549,254.572814377218,-4381.885864438483,5797.757680621506
26861.35635528804,3332.243983492231,994.9029998435828,-4407.141528572709,5718.602045706062
26861.35753313976,2950.106240677385,1727.407574279809,-4385.787607066998,5578.397468903447
26861.35871511238,2535.349571233312,2444.099289570931,-4317.847467702345,5378.392093660445
26861.35990086282,2092.364856700397,3137.090109104809,-4203.866800819412,5120.518141650674
26861.36109001169,1625.893879821,3798.70196509462,-4044.914933807661,4807.376763826282
26861.36228213306,1140.982361167596,4421.55447958838,-3842.580935976498,4442.219408959538
26861.36347677458,642.9161440264992,4998.667795715235,-3598.958966191281,4028.912485844501
26861.36467345641,137.1609925724127,5523.549365425594,-3316.628620080178,3571.897758618025
26861.3658717009,-370.7137540644184,5990.288078450845,-2998.620892186527,3076.132381428059
26861.36707098176,-875.0797279367251,6393.608808526817,-2648.398135141442,2547.053626453971
26861.36827079088,-1370.345263729288,6728.966707608956,-2269.797806165507,1990.489172360829
26861.36947062625,-1851.017411962032,6992.596248063744,-1866.989175099412,1412.591578182129
26861.37066997391,-2311.761037146276,7181.554523714934,-1444.430109130844,819.7737129640309
26861.37186836085,-2747.48361492173,7293.766453357201,-1006.795350693424,218.6058297044888
26861.37306532816,-3153.384243743795,7328.039814672207,-558.9287542638494,-384.2507857993028
26861.37426043964,-3525.013043628339,7284.077717262622,-105.7820937936393,-982.1277066083981
26861.37545329756,-3858.326660403894,7162.476239923742,347.650133457511,-1568.436331852482
26861.37664351606,-4149.725756641563,6964.713910633083,796.3798278658059,-2136.73215899354
26861.37783077829,-4396.108315312705,6693.119286143306,1235.505153324772,-2680.816712443455
26861.37901479386,-4594.888769157616,6350.839529240649,1660.250481601204,-3194.786355392876
26861.38019529474,-4744.024409487924,5941.80106084983,2066.019261331388,-3673.097123660286
26861.38137206962,-4842.038725584564,5470.646299259359,2448.457040766601,-4110.639410781591
26861.38254494872,-4888.02807319422,4942.675397972417,2803.49244059206,-4502.783985741786
26861.3837137984,-4881.664989753036,4363.781401574983,3127.378039437815,-4845.426861278077
26861.38487851399,-4823.196323004342,3740.382122237952,3416.727171297752,-5135.028180316376
26861.38603902554,-4713.435146985791,3079.34095330115,3668.549906739261,-5368.64827671647
26861.38719530573,-4553.744387594543,2387.881118380241,3880.283251523015,-5543.974970018835
26861.38834737401,-4346.013120766771,1673.498488765195,4049.81373473642,-5659.340443402256
26861.38949525353,-4092.637746700708,943.9034148952915,4175.489018775315,-5713.727936932726
26861.39063902098,-3796.482226967065,206.9045349308876,4256.138604982891,-5706.781531425051
26861.39177877478,-3460.847666891787,-529.6570235126198,4291.076474505753,-5638.799596502636
26861.39291464952,-3089.428702729605,-1258.00096337323,4280.104287258366,-5510.724658864901
26861.39404679625,-2686.276007591785,-1970.47745400412,4223.508081077933,-5324.128227413988
26861.39517541798,-2255.737152517334,-2659.668754121164,4122.048352330346,-5081.181746263397
26861.39630072386,-1802.423583270174,-3318.435833905255,3976.948744347917,-4784.634206630701
26861.39742296963,-1331.144472947391,-3940.013916925677,3789.874584764136,-4437.768528305221
26861.39854243326,-846.8637128095266,-4518.062780041912,3562.912184059484,-4044.365962472916
26861.39965944557,-354.6340680026806,-5046.740914985318,3298.535491330397,-3608.649841338644
26861.40077434251,140.4343394698234,-5520.733007575032,2999.585572073879,-3135.253703606678
26861.40188749728,633.2392675884561,-5935.31200170299,2669.231041856713,-2629.158549213601
26861.40299932287,1118.737331040576,-6286.375493719929,2310.930232835001,-2095.636386390323
26861.40411023699,1591.976430572913,-6570.464746439784,1928.404776025787,-1540.21172401187
26861.40522068488,2048.151629270041,-6784.798346784583,1525.594556217926,-968.5958740460283
26861.40633114191,2482.648932423422,-6927.288243358495,1106.616512822901,-386.6291325901552
26861.40744207151,2891.069224799255,-6996.545949127792,675.7406680095341,199.7524967394488
26861.4085539598,3269.280612555737,-6991.895652903817,237.337385757013,784.5900969141589
26861.40966729322,3613.445234604308,-6913.372744900578,-204.1543100347008,1361.944221607639
26861.41078254961,3920.050111135909,-6761.722412980207,-644.2630294787322,1925.943453487881
26861.41190020109,4185.939280245902,-6538.392618036445,-1078.526015462769,2470.838366035934
26861.41302068686,4408.336550276403,-6245.528561791577,-1502.518477039025,2991.04014110555
26861.41414441523,4584.87550568772,-5885.960457101227,-1911.89511734205,3481.174423155306
26861.41527178345,4713.627400888938,-5463.176630530014,-2302.437632656576,3936.140836425829
26861.41640314173,4793.117418741524,-4981.309271610829,-2670.0815637225,4351.146912172519
26861.4175387763,4822.346553897549,-4445.115210428565,-3010.952477260425,4721.753694943673
26861.4186789466,4800.811739788462,-3859.924638527878,-3321.418492645204,5043.938111762413
26861.41982383838,4728.518741224914,-3231.621500994101,-3598.116332692735,5314.124967037919
26861.4209735987,4605.99206261995,-2566.578012702384,-3838.000224098445,5529.242192734484
26861.42212829931,4434.282754556404,-1871.619809822422,-4038.370829669424,5686.754250464006
26861.42328795695,4214.967935414293,-1153.953420749297,-4196.916230776094,5784.705641979196
26861.42445251562,3950.148800097171,-421.1086098368783,-4311.74265230156,5821.753042539666
26861.4256218635,3642.436645831348,319.1468959132671,-4381.407214264423,5797.195726487259
26861.42679580528,3294.942761209352,1058.871037928688,-4404.942741873331,5710.998780583106
26861.42797411985,2911.237737984387,1790.070151027146,-4381.881219141641,5563.805066893991
26861.42915651698,2495.331301651801,2504.761540866341,-4312.26642640104,5356.942245199374
26861.43034264863,2051.631890227968,3195.073808341272,-4196.664885508896,5092.421486182805
26861.43153214243,1584.88925767874,3853.360380778642,-4036.164826529508,4772.918014092231
26861.43272455857,1100.160070918021,4472.268527313883,-3832.376145300717,4401.760017082992
26861.43391946304,602.7228662769789,5044.870104411018,-3587.407401853246,3982.876974278852
26861.43511635653,98.04637612276191,5564.712227116764,-3303.858428029268,3520.781571063872
26861.43631473287,-408.2982931959584,6025.930012521903,-2984.783823998897,3020.502749459948
26861.43751408874,-910.7084198853063,6423.322422037297,-2633.654972187514,2487.522615592838
26861.43871392673,-1403.617928439416,6752.415815884061,-2254.317889448446,1927.709707504928
26861.43991372999,-1881.553861966265,7009.51284393177,-1850.956261979236,1347.261504561784
26861.44111300755,-2339.220785377593,7191.750516603143,-1428.027559130249,752.6094440715456
26861.44231127008,-2771.554460297254,7297.127984730097,-990.2171914480691,150.3528824327382
26861.44350807672,-3173.798675006127,7324.532749050315,-542.3650827027309,-452.8435958350331
26861.44470297424,-3541.539323169188,7273.746247859725,-89.4296822930055,-1050.299522174409
26861.44589556256,-3870.777554782834,7145.444960218007,363.5956268330575,-1635.430829983162
26861.44708548515,-4157.968562100029,6941.18084782415,811.7383712895023,-2201.821731579968
26861.44827241221,-4400.054456519691,6663.357437462182,1250.0985271745,-2743.290142696364
26861.44945605802,-4594.499572677285,6315.191468914241,1673.911143970905,-3253.965606840052
26861.45063616628,-4739.311822213613,5900.671461529404,2078.594666654885,-3728.347596196165
26861.45181252953,-4833.062901749126,5424.498169619936,2459.808335179573,-4161.373026952254
26861.45298497462,-4874.896105070295,4892.027688465774,2813.493786911913,-4548.463064348615
26861.45415336133,-4864.530616422791,4309.20555379096,3135.917779433634,-4885.5699593918
26861.4553176123,-4802.257038583409,3682.477706759979,3423.718093729784,-5169.224383181461
26861.45647766308,-4688.927934647299,3018.737844796553,3673.922825228543,-5396.553020940218
26861.45763347925,-4525.944329061625,2325.239782420592,3883.985100691562,-5565.311121380677
26861.45878507936,-4315.230434137214,1609.499607185731,4051.810090036689,-5673.903051909954
26861.45993251066,-4059.208641570984,879.2243886855485,4175.76709734897,-5721.387153109258
26861.46107583346,-3760.772918256877,142.2373875077528,4254.701828149347,-5707.48022751993
26861.46221515863,-3423.243951689301,-593.6312539821995,4287.947437014909,-5632.554755761217
26861.46335061711,-3050.335773209657,-1320.60915232336,4275.323180008641,-5497.626721124994
26861.46448236129,-2646.112853057363,-2031.064748163458,4217.132663556606,-5304.339859881331
26861.46561059533,-2214.932054724676,-2717.605364046185,4114.153252537235,-5054.935590761876
26861.46673553946,-1761.405427092142,-3373.129349335826,3967.623152613501,-4752.227237787538
26861.46785744706,-1290.343206378316,-3990.907016551362,3779.222209141442,-4399.561118257013
26861.46897662332,-806.6931607959308,-4564.653864763786,3551.044067922091,-4000.767270131175
26861.47009338523,-315.5050840943346,-5088.566047835371,3285.575656811926,-3560.126077505181
26861.47120806337,178.1211811891729,-5557.376192065152,2985.669363888809,-3082.321774084186
26861.47232106109,669.1132312390345,-5966.422369331195,2654.49336223361,-2572.364511674945
26861.47343276751,1152.437087980369,-6311.648477874715,2295.519218160644,-2035.573478147835
26861.47454361716,1623.171129271836,-6589.659277151038,1912.468315858593,-1477.495962935387
26861.47565405806,2076.537373110728,-6797.732488206934,1509.282794935402,-903.8662107112095
26861.47676454913,2507.943719856886,-6933.837933019514,1090.087895934038,-320.5516139029301
26861.47787557809,2913.031207844142,-6996.651186981171,659.1453748119936,266.5121648364739
26861.47898762503,3287.697629457437,-6985.555465110798,220.8274128056416,851.3567226869211
26861.48010115949,3628.133805427928,-6900.647650526707,-220.4216891986959,1428.03347879426
26861.48121665853,3930.863130153014,-6742.735245496743,-660.132801696077,1990.676781637472
26861.48233459809,4192.76821586915,-6513.326236583759,-1093.848455388098,2533.551397846368
26861.48345539708,4411.107469256621,-6214.63027607919,-1517.141224616214,3051.077624412954
26861.48457949201,4583.559308774972,-5849.527290132586,-1925.682688630495,3537.918751722314
26861.48570725099,4708.229971189659,-5421.569385231634,-2315.251290643238,3988.992205873147
26861.48683901997,4783.685584055263,-4934.944046659667,-2681.790409001921,4399.541538263327
26861.4879750982,4808.968361657528,-4394.451582124719,-3021.439944702181,4765.17529817604
26861.4891157444,4783.613716184269,-3805.466344936168,-3330.578285033446,5081.917115560324
26861.49026113291,4707.665708694774,-3173.918111587915,-3605.85077809058,5346.241037543593
26861.49141138944,4581.688670666003,-2506.227075537773,-3844.220443759692,5555.128972685172
26861.49256660822,4406.767439100558,-1809.236157877979,-4043.007105888416,5706.112161083825
26861.49372678497,4184.515908152599,-1090.188572297342,-4199.910118133557,5797.298131362803
26861.49489185035,3917.070560728424,-356.6405590110071,-4313.051027532923,5827.413619571078
26861.49606169389,3607.072353533064,383.6298422009254,-4381.005096325751,5795.831871233418
26861.49723612492,3257.657277620059,1122.679715357243,-4402.823124600653,5702.592595538593
26861.49841489833,2872.425778682892,1852.504087171288,-4378.055280389994,5548.416972047045
26861.49959772456,2455.406692056366,2565.132465767275,-4306.765008099441,5334.710360501108
26861.50078425619,2011.022760412358,3252.713339751974,-4189.537853726419,5063.560153586043
26861.50197407862,1544.050290861167,3907.604442345743,-4027.486856117622,4737.728031754636
26861.5031667823,1059.539746188013,4522.506845437554,-3822.238095597028,4360.608308829568
26861.50436191628,562.7763600593893,5090.527528739458,-3575.92129507424,3936.204870034235
26861.50555897997,59.22397533292006,5605.264985226195,-3291.154324659454,3469.096080233092
26861.50675748692,-445.5655449016705,6060.919809477967,-2971.002377971578,2964.361557796877
26861.50795691348,-945.9970781442067,6452.345840598371,-2618.955830314111,2427.543817362791
26861.50915675429,-1436.522687354888,6775.136678641316,-2238.875757234629,1864.560664431183
26861.51035651561,-1911.70515552965,7025.674118905235,-1834.948596355042,1281.636138690392
26861.51155567415,-2366.267461386515,7201.165568089261,-1411.650689162776,685.2465022810889
26861.51275378541,-2795.197529384156,7299.695266283141,-973.6570196453621,81.98913401202253
26861.51395037206,-3193.764892285649,7320.226881050205,-525.8235745252437,-521.4418557399085
26861.51514499765,-3557.604112553287,7262.624040150841,-73.10302869892217,-1118.372347948701
26861.51633729081,-3882.769048174382,7127.638799803691,379.5243894897829,-1702.239263337236
26861.517526878,-4165.755832724772,6916.899547687452,827.0842834982055,-2266.63362594769
26861.51871343389,-4403.555554164981,6632.882645259835,1264.685081584363,-2805.399338774007
26861.51989668124,-4593.682585423642,6278.872179287767,1687.573797210848,-3312.701520522912
26861.52107635376,-4734.192318436389,5858.925359711724,2091.176329114827,-3783.075069158121
26861.52225225905,-4823.707023849432,5377.798181308403,2471.169997287124,-4211.509748601832
26861.52342423351,-4861.417399806297,4840.896251505746,2823.513576369185,-4593.482527295286
26861.5245921516,-4847.087093351231,4254.204399182905,3144.492971721005,-4925.00729994526
26861.52575591927,-4781.049350499735,3624.216937008063,3430.757451391562,-5202.672040105276
26861.52691548712,-4664.196452679212,2957.853024627766,3679.356139455245,-5423.673769785928
26861.528070813,-4497.96779653433,2262.397117543199,3887.758522153781,-5585.836293881518
26861.52922192614,-4284.32048276254,1545.37762262329,4053.890341464856,-5687.638116118557
26861.53036888384,-4025.70492226004,814.5061113817781,4176.140444552788,-5728.211581174703
26861.53151174212,-3725.042074660316,77.61187042651682,4253.372204675521,-5707.347327516877
26861.53265062183,-3385.671874643628,-657.4854334592264,4284.93732727005,-5625.491448088054
26861.53378564817,-3011.327705745963,-1383.021000487357,4270.672473532574,-5483.733421593838
26861.53491698724,-2606.082621204003,-2091.390263630918,4210.897896282424,-5283.786544633815
26861.5360448368,-2174.304270693623,-2775.221337249855,4106.407182292111,-5027.961948139248
26861.53716943286,-1720.602572162437,-3427.452959676099,3958.451793159796,-4719.134663077384
26861.53829102477,-1249.788725468816,-4041.389283943367,3768.725368631681,-4360.713241016425
26861.53940990758,-766.810206180468,-4610.782544475734,3539.336370706141,-3956.58897663895
26861.54052641694,-276.6998904037233,-5129.885252475413,3272.779493395265,-3511.088589501584
26861.5416408911,215.458879408738,-5593.483191045751,2971.914410594904,-3028.939968652166
26861.54275372183,704.6052863690769,-5996.962955937604,2639.920509416479,-2515.19981913402
26861.54386531911,1185.734667335903,-6336.331895416854,2280.269631863312,-1975.213500176568
26861.54497610233,1653.942106642604,-6608.247969822505,1896.693030700566,-1414.565398427012
26861.5460865354,2104.482430014181,-6810.052466883768,1493.131050314624,-839.0056211102988
26861.54719707917,2532.792588060783,-6939.774896267639,1073.710177322479,-254.4181033957484
26861.54830820969,2934.53983784701,-6996.150375648273,642.6975211231977,333.2436929949195
26861.54942041749,3305.658504026777,-6978.623945343613,204.4609420138375,918.0112987548598
26861.5505341647,3642.371256433507,-6887.353300375321,-236.5538703961476,1493.932763795781
26861.55164994477,3941.241514972266,-6723.203456886567,-675.8868750600882,2055.157211037041
26861.55276819533,4199.17877742212,-6487.7475574411,-1109.069312192788,2595.942861828786
26861.55388936672,4413.486989963054,-6183.24712300378,-1531.690831112834,3110.744033719231
26861.55501386581,4581.877300558404,-5812.645740983467,-1939.417791400675,3594.234943407364
26861.55614206505,4702.496661387529,-5379.54916403374,-2328.037676738496,4041.366208573588
26861.55727431096,4773.950612600312,-4888.195778893762,-2693.502345246174,4447.418132573349
26861.5584108866,4795.320026807221,-4343.441304592023,-3031.956118758005,4808.036078530291
26861.55955203839,4766.180572003414,-3750.711708931447,-3339.785318170409,5119.28915243452
26861.5606979498,4686.615435142481,-3115.972933461102,-3613.650345674089,5377.708335350751
26861.56184874427,4557.22616382145,-2445.681492176343,-3850.526617855138,5580.333187859849
26861.56300448406,4379.138147371049,-1746.729393708826,-4047.742590204463,5724.753651062818
26861.56416517635,4153.999202888369,-1026.377573995865,-4203.016452649166,5809.148059429887
26861.56533074004,3883.980663026754,-292.2070354686457,-4314.485517289819,5832.314364072292
26861.56650106122,3571.754164404439,447.9917004058175,-4380.743120098697,5793.700786678836
26861.56767594837,3220.482176985101,1186.272492122225,-4400.858747706661,5693.423674580418
26861.56885516021,2833.785921078985,1914.637723256247,-4374.401035032668,5532.280516566837
26861.57003839354,2415.716591466733,2625.121217150132,-4301.45235669275,5311.755292114548
26861.57122528922,1970.715149918253,3309.885583830563,-4182.618555654112,5034.014764214968
26861.57241545565,1503.558046158629,3961.33021004874,-4019.028580956076,4701.889344041891
26861.57360845615,1019.310197834562,4572.177025923846,-3812.32970515912,4318.851813937719
26861.57480382949,523.2603611149249,5135.572477712909,-3564.67177332838,3888.978484896156
26861.57600108772,20.8610581069487,5645.172459657517,-3278.686898499693,3416.907141739293
26861.57719971595,-482.3353268927382,6095.224205862371,-2957.46299268128,2907.787198513941
26861.57839922215,-980.7635966586691,6480.657609106973,-2604.496031657825,2367.1996310452
26861.57959907009,-1468.88479330318,6797.125350861988,-2223.668203354004,1801.120479376225
26861.58079877047,-1941.290546753761,7041.085785037219,-1819.175358287656,1215.808853628787
26861.58199782108,-2392.74345660696,7209.827264893431,-1395.494519851396,617.7588277464974
26861.58319574515,-2818.255109469525,7301.509305882984,-957.3176709820364,13.60311783077213
26861.58439209721,-3213.146184584006,7315.179659095732,-509.492320901875,-589.9699861144038
26861.5855864548,-3573.097269073693,7250.779734369866,-56.9660726587598,-1186.292314018875
26861.58677842641,-3894.200418691782,7109.140276619091,395.2752939446094,-1768.798537078013
26861.58796764722,-4173.001299548411,6891.966205821564,842.2651238107704,-2331.100820360994
26861.5891538168,-4406.543923633799,6601.80137846394,1279.127767219437,-2867.079560335622
26861.59033664076,-4592.386977536242,6242.00226990474,1701.112540968743,-3370.924766627658
26861.59151588739,-4728.638454793455,5816.678615897396,2103.66787617984,-3837.225637298896
26861.59269134564,-4813.96442756968,5330.650195140332,2482.476321907464,-4261.01038079413
26861.59386285605,-4847.602182745095,4789.374080636772,2833.511627194526,-4637.810515102328
26861.59503029448,-4829.360219028584,4198.881402161687,3153.075184270633,-4963.699091989908
26861.5961935745,-4759.614274459317,3565.702680694103,3437.834491733569,-5235.329611808666
26861.59735263277,-4639.298362790149,2896.798172297053,3684.852977355552,-5449.96418202819
26861.59850746821,-4469.884281009322,2199.453841554316,3891.626352388971,-5605.504395762564
26861.59965810071,-4253.362143547689,1481.220561341746,4056.095224171747,-5700.497851828671
26861.6008045698,-3992.215848136347,749.8314807184693,4176.6644612832,-5734.149884658018
26861.6019469441,-3689.3903994893,13.11084361493477,4252.218102460901,-5706.327765592015
26861.60308535486,-3348.244625114076,-721.1333101616567,4282.126714101434,-5617.55188021636
26861.60421993699,-2972.525634383384,-1445.154638829381,4266.244190451891,-5468.983526979816
26861.60535085638,-2566.318626965692,-2151.367423926188,4204.906937120022,-5262.40649531925
26861.60647832144,-2133.994901609688,-2832.431759899713,4098.923059009023,-5000.19757556346
26861.60760255847,-1680.17133283427,-3481.312010543001,3949.559363529404,-4685.29879060295
26861.60872383888,-1209.648921563527,-4091.361837269611,3758.519548098728,-4321.173066977668
26861.60984245663,-727.3698324280813,-4656.373670999631,3527.92321055071,-3911.767227100517
26861.61095872942,-238.3653404445736,-5170.637470989065,3260.279728433854,-3461.466417658631
26861.61207300599,252.2989896406613,-5628.995253509123,2958.456504967906,-2975.041676266972
26861.61318568687,739.5831626666907,-6026.890818141104,2625.638628635762,-2457.586769938342
26861.61429717511,1218.499852106529,-6360.385554926605,2265.306771072823,-1914.485496202118
26861.61540789755,1684.170910168603,-6626.198666078918,1881.195227072705,-1351.347967330408
26861.6165183236,2131.879589894934,-6821.732303816675,1477.246197236854,-773.9444780099807
26861.61762891528,2557.091823145999,-6945.076472813919,1057.58810945722,-188.1752308968571
26861.61874014527,2955.504358177878,-6995.027123129199,626.4905479886181,399.9937226677866
26861.61985249678,3323.082044422754,-6971.09138610358,188.3242871776246,984.5854282285629
26861.62096645715,3656.090019945603,-6873.486871406743,-252.4762207082078,1559.662638413157
26861.62208249396,3951.119317930396,-6703.140280272674,-691.4431563602158,2119.368635114771
26861.62320106808,4205.122120017413,-6461.679733280152,-1124.120411831999,2657.986791096099
26861.62432262151,4415.436642465334,-6151.423592657102,-1546.098726558163,3169.98615207063
26861.62544755394,4579.81000007259,-5775.371673867521,-1953.047110271774,3650.062453860267
26861.62657624265,4696.427188794793,-5337.179762902869,-2340.760972833102,4093.198623516747
26861.62770901004,4763.929341105773,-4841.145418730417,-2705.19135451804,4494.701878198327
26861.62884612902,4781.43635342718,-4292.177283843726,-3042.488730949266,4850.257468933426
26861.62998785425,4748.562609794689,-3695.741365166089,-3349.052153856239,5155.985474064136
26861.63113434579,4665.430096148484,-3057.855757924372,-3621.547402103208,5408.46455139202
26861.63228572467,4532.678479857104,-2385.01403699754,-3856.962836269052,5604.793632127056
26861.63344203635,4351.471964170401,-1684.14835682282,-4052.638599422375,5742.624837715998
26861.63460327966,4123.495358555214,-962.5490931089803,-4206.308478220722,5820.205625934573
26861.63576938239,3850.950826514162,-227.8089787340755,-4316.128404436566,5836.407315489462
26861.63694022926,3536.538978315333,512.2706785621085,-4380.708796443601,5790.751955920087
26861.63811560134,3183.456005755741,1249.723949647065,-4399.136642978562,5683.434284402801
26861.63929527035,2795.342054478352,1976.566819027696,-4371.000565572523,5515.32928010452
26861.64047891428,2376.272959364419,2684.835190463202,-4296.40325245345,5288.00212733337
26861.64166617972,1930.70171841855,3366.717151362676,-4175.970333941588,5003.696464230588
26861.64285667998,1463.411559741761,4014.644412603264,-4010.849066695776,4665.31618979582
26861.64404996195,979.4775650356396,4621.367528963073,-3802.707534770308,4276.410836675544
26861.64524557011,484.1847701078269,5180.081172943422,-3553.712533291298,3841.123242531663
26861.6464430058,-17.01662771992331,5684.488683272782,-3266.515214168549,3364.158517038978
26861.64764177491,-518.5950262598302,6128.90394701309,-2944.213325840586,2850.714779928438
26861.64884135205,-1014.988501329608,6508.308691390571,-2590.325416746507,2306.437962929056
26861.65004123532,-1500.694462236315,6818.435455613933,-2208.735347398148,1737.332019526798
26861.65124090276,-1970.318155026804,7055.806795308707,-1803.659027285088,1149.706866927576
26861.65243987377,-2418.662089015088,7217.792195874798,-1379.574135070827,550.0733195269768
26861.65363766348,-2840.76997537159,7302.627886362507,-941.1809198973132,-54.91351694874038
26861.65483382723,-3232.001792708935,7309.441476714473,-493.329845420123,-658.5563405978726
26861.65602793539,-3588.078325058112,7238.255205938041,-40.97211759129232,-1254.183129144295
26861.65721961275,-3905.141455578045,7089.978296676145,410.9142851615229,-1835.245613133376
26861.65840851476,-4179.787609700006,6866.387657183406,857.3743184257672,-2395.383013967048
26861.65959432206,-4409.103179175097,6570.10264060377,1293.531308578508,-2928.492417676644
26861.66077675058,-4590.697210217983,6204.546917087971,1714.64668979487,-3428.802600998367
26861.66195557237,-4722.726249260475,5773.893435433858,2116.180472694732,-3890.945772092823
26861.66313058624,-4803.904584942431,5283.016984833741,2493.8304620968,-4310.002085702694
26861.6643016427,-4833.515330365995,4737.422224648773,2843.586642082241,-4681.560099448578
26861.66546860871,-4811.410673153684,4143.190287545396,3161.762319148926,-5001.749307889446
26861.66663141227,-4738.007971659413,3506.883544411711,3445.044676314398,-5267.291173240703
26861.66778999818,-4614.279067077418,2835.489113696151,3690.515092939899,-5475.516480111204
26861.6689443523,-4441.733226916011,2136.32510058299,3895.683676002463,-5624.395009600937
26861.67009450713,-4222.39193493724,1416.952135672689,4058.511319857498,-5712.5493531822
26861.67124050394,-3958.767908568077,685.1118238537529,4177.421089752686,-5739.259220170935
26861.67238243172,-3653.825855715453,-51.38272118342866,4251.316241768282,-5704.465913153394
26861.67352039374,-3310.953063053609,-784.7108191328971,4279.583270242157,-5608.764900163831
26861.67465454639,-2933.9075515484,-1507.152668674102,4262.094800288682,-5453.390022700878
26861.67578507018,-2526.781205442546,-2211.151259823931,4199.202859172422,-5240.193191990169
26861.67691215752,-2093.958493309945,-2889.382782106337,4091.731976648373,-4971.622268073444
26861.67803606217,-1640.048594070226,-3534.860022260698,3940.960661950384,-4650.677219878182
26861.67915704392,-1169.855403852313,-4140.966964793351,3748.606830163832,-4280.884123700949
26861.6802753987,-688.3146287289352,-4701.539837447173,3516.802089888662,-3866.245642663895
26861.68139145652,-200.4423891350602,-5210.921424553933,3248.063861672336,-3411.193427447165
26861.68250557464,288.7132036563887,-5664.006890296843,2945.266017842985,-2920.540042695467
26861.68361813464,774.1209562128253,-6056.285673105788,2611.606689318988,-2399.427763975442
26861.68472955322,1250.819931432706,-6383.88074693082,2250.569432278227,-1853.26888311002
26861.68584024854,1713.951772660096,-6643.567505748595,1865.896875272743,-1287.706522291121
26861.68695068841,2158.825569435954,-6832.809105724391,1461.536301671071,-708.5346185329727
26861.68806133608,2580.936970303427,-6949.758579111838,1041.618849283453,-121.6692420459235
26861.6891726795,2976.019510018917,-6993.275360307054,610.409838337318,466.9216188379435
26861.69028519884,3340.069326742543,-6962.927191074208,172.2813739765849,1051.25561291841
26861.69139938477,3669.386439202717,-6858.991850431718,-268.3342842522898,1625.399455040942
26861.69251569955,3960.595447440679,-6682.456156318581,-706.9691633487332,2183.501984828119
26861.69363461902,4210.687875137932,-6435.003151364979,-1139.17586176806,2719.867931072724
26861.69475656212,4417.03322461171,-6119.012501227038,-1560.540040993212,3228.975144352875
26861.6958819283,4577.416741152553,-5737.540060963507,-1966.735836658919,3705.545781937467
26861.69701109311,4690.061410800532,-5294.295289805563,-2353.564304225971,4144.594244055159
26861.69814438193,4753.646477354384,-4793.624190918441,-2716.984646069683,4541.466401148647
26861.6992820627,4767.328749387049,-4240.483489090363,-3053.153738167067,4891.888370815283
26861.70042436209,4730.760411156655,-3640.396336756754,-3358.472319427955,5192.020837693075
26861.70157144477,4644.101617693756,-2999.418349464086,-3629.619177309433,5438.49909884594
26861.70272341766,4508.03006368711,-2324.085611205031,-3863.592284820291,5628.479114224086
26861.70388033152,4323.744622433765,-1621.356221467984,-4057.746833784673,5759.678153852399
26861.70504217135,4092.965430330555,-898.5518355124525,-4209.829172395885,5830.40989864417
26861.70620885209,3817.928908779495,-163.2899263340837,-4318.010275862151,5839.617161621145
26861.70738023369,3501.371731551971,576.6028848337769,-4380.917421231455,5786.898639785042
26861.70855611785,3146.511112456164,1313.171777556098,-4397.65830720164,5672.526508678272
26861.70973624154,2757.02051632249,2038.417262441475,-4367.84139157288,5497.45840149653
26861.71092029734,2336.990024889964,2744.399107311764,-4291.590327060399,5263.337599427805
26861.71210792657,1890.888209467028,3423.325111296922,-4169.551370805417,4972.486523787189
26861.71329873443,1423.510310026032,4067.653655211693,-4002.89296553357,4627.887068125005
26861.71449228095,939.9297995881674,4670.181269535713,-3793.300561861664,4233.157257503317
26861.71568809418,445.4365849692085,5224.140633810712,-3542.962054744046,3792.513268728101
26861.71688569623,-54.53488184243722,5723.29754529313,-3254.540975183574,3310.715089166395
26861.71808457227,-554.4567739777669,6162.016193189304,-2931.155262079199,2793.025558937509
26861.71928420669,-1048.788864133051,6535.347270983108,-2576.33483872368,2245.136547368349
26861.7204840877,-1532.047154125366,6839.090362752702,-2193.978549885247,1673.099023806368
26861.72168370994,-1998.870905858338,7069.845818562297,-1788.306857670846,1083.249340126757
26861.72288259751,-2444.095573051694,7225.05850566512,-1363.803011920098,482.1214672527794
26861.72408025481,-2862.796037956378,7303.040474853688,-925.1763126590685,-123.6070782968313
26861.72527624984,-3250.375141097084,7302.998229792323,-477.2757011994708,-727.2371301890555
26861.72647014721,-3602.593028730806,7225.031717313748,-25.055343207536,-1322.094422881825
26861.72766157181,-3915.635482480106,7070.127609731269,426.5081487283841,-1901.640254801353
26861.72885018854,-4186.146848374901,6840.136579855215,872.4668713430178,-2459.53653790505
26861.73003566709,-4411.258094003947,6537.752856613289,1307.945840965583,-2989.701910311755
26861.73121773578,-4588.628604665954,6166.466293277584,1728.219026300516,-3486.405574215347
26861.73239617129,-4716.462973004855,5730.512068527236,2128.757865837987,-3944.323589314715
26861.73357077225,-4793.522469132666,5234.823669482147,2505.271743399209,-4358.584928013442
26861.73474139306,-4819.136550163075,4684.956960382788,2853.765286201032,-4724.834749365123
26861.73590791902,-4793.201356253187,4087.029919334367,3170.571548122208,-5039.268090524502
26861.73707026574,-4716.175968138564,3447.649885685788,3452.389858186712,-5298.667472563761
26861.73822839499,-4589.070225397298,2773.826342980138,3696.322315218307,-5500.435926581264
26861.7393822879,-4413.429712769851,2072.904161994901,3899.895152528154,-5642.613449370162
26861.74053198163,-4191.308078021473,1352.457834174422,4061.088097269318,-5723.896845746232
26861.74167752175,-3925.246327065748,620.2352231797299,4178.343080134562,-5743.641040212166
26861.74281900265,-3618.23285287137,-115.9527907462088,4250.582071886222,-5701.862442501753
26861.74395654436,-3273.67042438167,-848.3026055458292,4277.209734004697,-5599.229362309595
26861.74509029457,-2895.335330205866,-1569.102111699609,4258.115083474307,-5437.048425973206
26861.74622043211,-2487.332017968153,-2270.813620594312,4193.667212378736,-5217.243175113557
26861.7473471688,-2054.045042744814,-2946.152051538837,4084.705152712502,-4942.325621041738
26861.74847074267,-1600.09226390974,-3588.153647150957,3932.523693816412,-4615.364088986536
26861.74959143314,-1130.268004147457,-4190.252142103562,3738.851926837551,-4239.939793500067
26861.75070953796,-649.5009161528651,-4746.327507854648,3505.832879918207,-3820.110037613524
26861.75182538697,-162.7969664662527,-5250.769729243109,3235.994675860765,-3360.357083587446
26861.75293934596,324.8134512541021,-5698.528570309267,2932.218335007779,-2865.535110281738
26861.75405179502,808.3160181319745,-6085.146565093516,2597.710159846923,-2340.826496941708
26861.75516314782,1282.769272768689,-6406.802503603298,2235.961392004835,-1791.678909047327
26861.7562738419,1743.346706959969,-6660.335160595194,1850.713380024692,-1223.753538138923
26861.75738433889,2185.380654880035,-6843.264250772151,1445.919063663097,-642.8688746279372
26861.75849508561,2604.388940992107,-6953.80137498436,1025.718578207152,-54.96541228436627
26861.75960658224,2996.140628133739,-6990.869335935241,594.3745174079747,533.9856781517692
26861.76071930345,3356.662491136004,-6954.097264126473,156.2616735293447,1117.995790927503
26861.76183373876,3682.288480303078,-6843.824615960363,-284.1877693830841,1691.133915399302
26861.76295035891,3969.680874666683,-6661.097386106698,-722.5108368554293,2247.562136014246
26861.76406962128,4215.862969099669,-6407.660939555299,-1154.255662357486,2781.591122125772
26861.76519195277,4418.243846370975,-6085.951597354408,-1575.01496073817,3287.72401126274
26861.7663177508,4574.646124989396,-5699.08113855882,-1980.467056287955,3760.70912522565
26861.76744738055,4683.329778522884,-5250.815924008014,-2366.415494289778,4195.58973818071
26861.76858117429,4743.013023200283,-4745.549371718305,-2728.829126581275,4587.753200516217
26861.76971939032,4752.88995670518,-4188.288942088346,-3063.87001774605,4932.966399646248
26861.77086225617,4712.650032585791,-3584.599935416303,-3367.948556550525,5227.439638320517
26861.77200991559,4622.491291932307,-2940.587769571824,-3637.749008089171,5467.85799043188
26861.77316247215,4483.128563590516,-2262.824773407774,-3870.281476819176,5651.437631594911
26861.77431997095,4295.796555370729,-1558.300913291977,-4062.914070709297,5775.960019884848
26861.77548238259,4062.251424221959,-834.3691513337822,-4213.40643085139,5839.806867011609
26861.77664960671,3784.764928539055,-98.67244024167485,-4319.94535873284,5841.994384074815
26861.77782151459,3466.099937050444,640.9612649322014,-4381.17747746356,5782.197331532379
26861.77899790045,3109.500495326917,1376.571561154587,-4396.228275902437,5660.764744043586
26861.78017848809,2718.665653430634,2100.15771830181,-4364.725371089752,5478.733698503977
26861.78136296366,2297.705520512822,2803.790723498345,-4286.812808482191,5237.827095744217
26861.78255096078,1851.104927692715,3479.697401711705,-4163.157948264812,4940.446766618403
26861.78374206567,1383.675376537102,4120.357982175236,-3994.952629981802,4589.656214366138
26861.78493586264,900.4844201159849,4718.622314514041,-3783.899092175855,4189.139119477159
26861.78613186142,406.8274125096668,5267.761274769589,-3532.207232315852,3743.185619913993
26861.78732958467,-91.86862722030423,5761.596263192512,-3242.558760216014,3256.618761142336
26861.7885285179,-590.0887889014697,6194.553455003214,-2918.088179694296,2734.758152266501
26861.78972817078,-1082.321307515596,6561.75809819708,-2562.332400764458,2183.333481576265
26861.79092801858,-1563.09963315301,6859.074909601617,-2179.205651625296,1608.442575321702
26861.79212756861,-2027.095366347795,7083.180282871172,-1772.934067024818,1016.448818632264
26861.79332632933,-2469.16952136183,7231.592252765365,-1348.013912724457,413.9186345380485
26861.79452382008,-2884.438133679246,7302.703156451185,-909.1547911362594,-192.4618618307923
26861.79571959782,-3268.339230405785,7295.797815647458,-461.2128534962521,-795.9809184009689
26861.79691325545,-3616.683421774559,7211.05362214169,-9.132428946319578,-1389.980339665414
26861.79810440016,-3925.694617003036,7049.534123464997,442.1047095672437,-1967.923112600487
26861.79929269579,-4192.063001945545,6813.165836520373,887.5540149553382,-2523.490097619567
26861.80047783129,-4412.970554373727,6504.71073087316,1322.353603635105,-3050.63640038821
26861.80165952904,-4586.122281529531,6127.727069300425,1741.783086881327,-3543.663557920897
26861.80283756209,-4709.769829823495,5686.514736313526,2141.322609551843,-3997.288972857599
26861.80401174357,-4782.722778025899,5186.059680043338,2516.698171145292,-4406.696631390147
26861.80518191253,-4804.355731128134,4631.976671066894,2863.92307838714,-4767.582250057812
26861.80634797452,-4774.609821257968,4030.420051403108,3179.351553898516,-5076.208574655338
26861.80750984902,-4693.985398924615,3388.033064899021,3459.699731426655,-5329.424130389419
26861.80866750416,-4563.530405690212,2711.85227014685,3702.087786865086,-5524.701728044112
26861.80982091601,-4384.82694330769,2009.248883549776,3904.058516188074,-5660.152339446976
26861.81097013163,-4159.959755736488,1287.807161347225,4063.611622744346,-5734.547856062067
26861.81211520753,-3891.495837547157,555.2758795362845,4179.208367531897,-5747.318067614501
26861.81325623598,-3582.448086592187,-180.5325146070136,4249.788209029011,-5698.553572031998
26861.81439333957,-3236.238746991718,-911.8232086204687,4274.773842403985,-5588.99679619494
26861.81552668221,-2856.654409089919,-1630.908727420069,4254.07136538908,-5420.024746491465
26861.81665643659,-2447.812273072845,-2330.268351567382,4188.065860737276,-5193.631461612729
26861.81778281781,-2014.102345682028,-3002.646453730281,4077.611789027711,-4912.395779010779
26861.81890606603,-1560.143909781722,-3641.113953679626,3924.018439181334,-4579.449606849003
26861.82002646432,-1090.727666616301,-4239.145562373651,3729.027997725696,-4198.43307549653
26861.82114432098,-610.7713681877052,-4790.670199890657,3494.793616940008,-3773.454906410053
26861.82225995354,-125.2758436060616,-5290.119885046705,3223.857051492424,-3309.052456532238
26861.8233737331,360.7450208449885,-5732.499479664375,2919.108305402754,-2810.123301145057
26861.82448606048,842.3037931953608,-6113.414084977914,2583.755927291811,-2281.879488845711
26861.82559733577,1314.474200641809,-6429.094400188778,2221.301679426784,-1729.80807797333
26861.82670801475,1772.461335135851,-6676.44265729817,1835.486117256062,-1159.588269626276
26861.82781853648,2211.614896853622,-6853.033859482777,1430.274046235853,-577.0712122558689
26861.828929378,2627.493515020797,-6957.145164718932,1009.797275038546,11.80347806848567
26861.83004101827,3015.888830453137,-6987.757469654255,578.3277335217283,601.0446945646722
26861.83115394475,3372.864605711902,-6944.561234391316,140.2356743934689,1184.667822908071
26861.83226864458,3694.787433099652,-6827.955252105716,-300.0465137165669,1756.743753091298
26861.83338557773,3978.351570456355,-6639.046157780782,-738.0532710482382,2311.438276705189
26861.83450518557,4220.613597441074,-6379.642487037776,-1169.329365483537,2843.070051552952
26861.83562790511,4419.023108124768,-6052.23708793377,-1589.475588681719,3346.16922690365
26861.83675413633,4571.440982892146,-5659.996099662979,-1994.176262496023,3815.512771297554
26861.83788422916,4676.163618549405,-5206.744276018314,-2379.235767340318,4246.171264011493
26861.83901851449,4731.948204700053,-4696.92639090038,-2740.630209843063,4633.571398413134
26861.84015723963,4738.027567460328,-4135.602421727595,-3074.527356593928,4973.522271904056
26861.84130062436,4694.130433370156,-3528.385409188456,-3377.346220056864,5262.283892767867
26861.8424488162,4600.492853057434,-2881.41765667169,-3645.784097493033,5496.599276704251
26861.84360191748,4457.86577813363,-2201.30517232385,-3876.863480906876,5673.745094439366
26861.84475995668,4267.520808868045,-1495.07527680586,-4067.963366758647,5791.565808393349
26861.84592291047,4031.24590939039,-770.0985755710722,-4216.859719325942,5848.513072918032
26861.84709067607,3751.342867904504,-34.03399401440493,-4321.754529304683,5843.674274846674
26861.84826309864,3430.60838253233,705.2664506150941,-4381.309387825688,5776.799129860435
26861.84943995676,3072.316524349824,1439.832620825787,-4394.66886602892,5648.316490243655
26861.85062098614,2680.184263266227,2161.679430172138,-4361.480735605986,5459.341217526617
26861.85180585641,2258.344176884229,2862.884171952453,-4281.909457596954,5211.677062778773
26861.85299420082,1811.29393510475,3535.698225383917,-4156.642838363509,4907.803398949884
26861.85418561574,1343.848593728262,4172.639639095586,-3986.890807695647,4550.855063610475
26861.85537963838,861.0971416816861,4766.574382387073,-3774.382526594763,4144.602161905344
26861.85657582486,368.3137892402348,5310.845073454746,-3521.338801478717,3693.386920852739
26861.85777366933,-129.070694873417,5799.314314233059,-3230.464233071218,3202.104265988039
26861.85897267422,-625.5614950678049,6226.47621139446,-2904.905226509311,2676.122532038313
26861.86017231664,-1115.651733120167,6587.512111181527,-2548.222395820405,2121.234761046635
26861.86137210525,-1593.911949630894,6878.369349291954,-2164.332997857754,1543.564804804804
26861.86257152553,-2055.033243489983,7095.794514142191,-1757.480484443028,949.5191899163447
26861.86377010974,-2493.918353025469,7237.388313173253,-1332.161172534126,345.6766074023499
26861.86496737905,-2905.719931236486,7301.621353862642,-893.0892380351265,-261.2629394205965
26861.86616289092,-3285.915473038514,7287.857283903777,-445.1235861746226,-864.5820604746195
26861.86735625009,-3630.361093718806,7196.351007538487,6.795336725490984,-1457.631467711809
26861.86854706402,-3935.324475776369,7028.241777311316,457.6876179087693,-2033.885875352974
26861.86973499239,-4197.540440952539,6785.530922483451,902.6110951455333,-2587.044362153872
26861.87091972096,-4414.237825315513,6471.053366118336,1336.708994842571,-3111.089461923489
26861.87210099146,-4583.172699212713,6088.429553471487,1755.276340083587,-3600.367699614325
26861.87327858747,-4702.644138776144,5642.016414823252,2153.806739934406,-4049.643372795353
26861.87445229921,-4771.505775743941,5136.865238433138,2528.030272876584,-4454.141661119577
26861.87562199626,-4789.179132822367,4578.628315554416,2873.983314704581,-4809.624612230832
26861.87678755453,-4755.648586231377,3973.518479789283,3188.02627490047,-5112.407281687638
26861.87794891298,-4671.456601019904,3328.207330257065,3466.897410243685,-5359.410294378219
26861.87910603437,-4537.690972414734,2649.764791238025,3707.733294694321,-5548.175597331024
26861.8802589378,-4355.963316123994,1945.558492267992,3908.102601185181,-5676.892078406
26861.88140763635,-4128.394553279261,1223.207399916962,4066.016349582073,-5744.400273622022
26861.88255221131,-3857.574933924583,490.4517297536711,4179.95752080205,-5750.206313896952
26861.88369274261,-3546.544036878195,-244.8889775107666,4248.882381241705,-5694.475386648461
26861.8848293803,-3198.735753686888,-975.0457424421645,4272.232592114474,-5578.021942223085
26861.88596227627,-2817.954698285649,-1692.338525902189,4249.930324781419,-5402.295395445148
26861.88709161261,-2408.325320307177,-2389.274504848426,4182.376725827181,-5169.358183864873
26861.88821761693,-1974.238505171526,-3058.63350880655,4070.439991540053,-4881.852309862049
26861.88934052715,-1520.315430737477,-3693.518351782374,3915.442941905128,-4542.972287236757
26861.89046062221,-1051.34569085861,-4287.440262688904,3719.141289880062,-4156.418316934391
26861.89157819939,-572.2451025417918,-4834.367172898119,3483.703028324001,-3726.358472661993
26861.89269360441,-87.99165559429754,-5328.793396349145,3211.675001448764,-3257.369137881736
26861.89380719942,396.4115091339192,-5765.770917511213,2905.958363239047,-2754.395239384136
26861.89491937559,875.9908175894124,-6140.956903801755,2569.773020330474,-2222.692224446901
26861.89603055804,1345.852103639325,-6450.64807541845,2206.620051929327,-1667.767932385882
26861.89714118333,1801.216565905261,-6691.800467384584,1820.251676787821,-1095.337629705562
26861.89825171509,2237.470819747919,-6862.054859656126,1414.628211906301,-511.2602454730763
26861.89936262549,2650.200176852707,-6959.747099794318,993.8856288543748,78.50798528653877
26861.90047439781,3035.228413845375,-6983.918419225769,562.2955939779727,667.9700729753597
26861.90158749789,3388.644727779277,-6934.320368284408,124.2371990706842,1251.127906891398
26861.90270242918,3706.855503123186,-6811.412463765648,-315.8642840160858,1822.065069529222
26861.90381964493,3986.588467216439,-6616.361520323833,-753.5425529964772,2374.954023726831
26861.90493960344,4224.940007452328,-6351.029973234075,-1184.351815272861,2904.13742196675
26861.90606271803,4419.390951909575,-6017.971604435944,-1603.887501545784,3404.155631306088
26861.90718936575,4567.837469718394,-5620.416187264575,-2007.830951973689,3869.804453561416
26861.90831992983,4668.618872823508,-5162.229563275191,-2392.004861304267,4296.202370650386
26861.90945469116,4720.526962206046,-4647.926963229046,-2752.376276531152,4678.797653347524
26861.91059392915,4722.835551605939,-4082.601243808669,-3085.132630142998,5013.456935111402
26861.91173784058,4675.310968777483,-3471.918760528983,-3386.69626749479,5296.484329762899
26861.91288657021,4578.227195609616,-2822.06154048443,-3653.775701508205,5524.679259796587
26861.91404021293,4432.372280934739,-2139.672702159014,-3883.40487493685,5695.378677623155
26861.91519879186,4239.053449325025,-1431.809906633802,-4072.976229207933,5806.49252363311
26861.91636228079,4000.091800270098,-705.8662481442175,-4220.280743271189,5856.541899888303
26861.91753056471,3717.82202462846,30.47774838948908,-4323.535623228196,5844.686886458965
26861.91870348256,3395.070085653547,769.3594846879919,-4381.419985524932,5770.75334148994
26861.91988082695,3035.129684486909,1502.818500717985,-4393.09679509821,5635.245388112365
26861.92106232542,2641.739350330507,2222.872866901015,-4358.230969674337,5439.354281491893
26861.92224762074,2219.056722581704,2921.599944016666,-4277.006793853726,5184.965404550835
26861.92343635066,1771.589957285147,3591.27859975431,-4150.131603258547,4874.633917442411
26861.92462808668,1304.170975037344,4224.446356088567,-3978.83823279939,4511.57624720366
26861.92582239083,821.881277430163,4814.023398665233,-3764.871616925703,4099.626240351367
26861.92701878654,330.0052793196061,5353.38467683345,-3510.476934526111,3643.20408557374
26861.9282167805,-166.0395729031044,5836.454995494732,-3218.374316930159,3147.262225357731
26861.92941586369,-660.7673521826265,6257.786442348438,-2891.729416503858,2617.229262778222
26861.9306155234,-1148.694269170419,6612.632140111205,-2534.11480963245,2058.942161237379
26861.93181525196,-1624.408255137232,6897.007881936582,-2149.465524200697,1478.572947486797
26861.9330145698,-2082.642747923466,7107.744105711716,-1742.024058664665,882.5431344107969
26861.9342129811,-2518.322424436999,7242.514251636377,-1316.304085025001,277.4683376698704
26861.93541003515,-2926.646774513365,7299.871844696785,-877.015433705103,-329.9514282024793
26861.93660528852,-3303.132121390312,7279.258552812689,-429.0202301110208,-932.9932250655286
26861.93779833521,-3643.673693809846,7181.008607077934,22.7363166812755,-1525.006286326758
26861.93898880403,-3944.589860055904,7006.336890316255,473.2840201465822,-2099.48867524251
26861.94017635806,-4202.661543800484,6757.317335277391,917.6859134472719,-2650.162054971513
26861.94136068443,-4415.16419159848,6436.854646109849,1351.091731311094,-3171.038676311408
26861.94254151665,-4579.899835622838,6048.638564582127,1768.80171372583,-3656.498720408586
26861.9437186434,-4695.216153268628,5597.087302715619,2166.321695008076,-4101.353556905227
26861.94489188812,-4760.015319931337,5087.294370350804,2539.404398317731,-4500.890989030604
26861.94606109106,-4773.761254658039,4524.97375869526,2884.089838857095,-4850.918930772768
26861.94722614939,-4736.481852177062,3916.371725684714,3196.759457331366,-5147.820711161068
26861.94838700806,-4648.758953275502,3268.192105640595,3474.168158336727,-5388.583208794527
26861.9495436288,-4511.717474900464,2587.533892909935,3713.468207966846,-5570.81648402965
26861.95069600713,-4327.007727799602,1881.800915687872,3912.241570169181,-5692.778994882707
26861.95184419638,-4096.776110437055,1158.601822389085,4068.524457405722,-5753.390188193171
26861.95298826565,-3823.642104033365,425.6905099067844,4180.815538477103,-5752.229349034217
26861.95412830688,-3510.665737754141,-309.1224239802698,4248.090061156374,-5689.53637702951
26861.95526446222,-3161.302234111962,-1038.071610898968,4269.806963300161,-5566.200204273833
26861.95639689031,-2779.369330842355,-1753.497370301029,4245.906418185688,-5383.742883285748
26861.95752579875,-2368.992496784152,-2447.945466815392,4176.804768045808,-5144.291853147171
26861.95865140758,-1934.570186169666,-3114.219427332934,4063.384924333835,-4850.555958876469
26861.95977394417,-1480.728968001292,-3745.450840306788,3906.985563146755,-4505.796027055636
26861.96089370003,-1012.250368443339,-4335.19867992105,3709.37454195272,-4113.767888117031
26861.96201098914,-534.0355759239453,-4877.483902153772,3472.728310128636,-3678.687073240589
26861.96312614702,-51.05546173397273,-5366.843970497484,3199.605971336718,-3205.182032732466
26861.96423955384,431.7096190443823,-5798.39001312014,2892.913050712836,-2698.23278719911
26861.96535158417,909.2972007360929,-6167.82707050129,2555.881690586288,-2163.139594623874
26861.96646266547,1376.835578664439,-6471.510696432904,2192.019416037515,-1605.441286255042
26861.96757324123,1829.573200313638,-6706.458276568157,1805.081769515137,-1030.875485772552
26861.96868377689,2262.924142374018,-6870.371084745226,1399.032594992195,-445.3197860545984
26861.96979473455,2672.499113042384,-6961.645406995553,978.0146909439059,145.2507229528683
26861.97090661266,3054.158697804712,-6979.385566649799,546.2958092404364,734.8398004805417
26861.97201987399,3404.023618831707,-6923.403720428842,108.2567047475263,1317.446562035204
26861.97313501476,3718.532292968944,-6794.220550421046,-331.6750810718976,1887.155822326145
26861.97425250671,3994.452646118431,-6593.059512465429,-769.0422212650635,2438.160296947366
26861.97537279294,4228.912788518742,-6321.842501833238,-1199.39562388763,2964.811628237032
26861.97649628213,4419.42969064203,-5983.180973670942,-1618.332798035066,3461.670919429818
26861.9776233656,4563.938610986769,-5580.353528196148,-2021.54501567863,3923.568336680813
26861.97875437497,4660.810930312171,-5117.297233883673,-2404.843003641514,4345.63647443998
26861.97988964061,4708.881189009456,-4598.556605154105,-2764.218088227493,4723.382852535273
26861.98102941403,4707.458088211909,-4029.280877090203,-3095.856492921379,5052.70905287589
26861.98217386142,4656.346744272509,-3415.194537378545,-3396.182329458189,5329.963122796165
26861.98332315603,4555.857129191308,-2762.501934555423,-3661.923188659784,5552.008633455417
26861.98447736093,4406.815520266012,-2077.896189580632,-3890.118155803802,5716.237708641755
26861.9856365047,4210.563196557261,-1368.458542158168,-4078.175206812323,5820.627787677702
26861.98680054123,3968.957410764531,-641.6146783571307,-4223.897885786342,5863.768762597208
26861.98796935387,3684.364036126816,94.94026059385214,-4325.520683781193,5844.895238771843
26861.98914279329,3359.632879140166,833.3449636113935,-4381.740914977268,5763.907974322849
26861.9903206199,2998.090294865658,1565.620311623457,-4391.738484755287,5621.390536491381
26861.99150255213,2603.498864467572,2283.788774477089,-4355.199108168565,5418.615470778917
26861.99268824813,2180.027303967925,2979.955336247657,-4272.326863338028,5157.544136828657
26861.99387732538,1732.202320044452,3646.413402962246,-4143.850472216602,4840.812653287042
26861.99506939292,1264.84757502411,4275.754792033274,-3971.017049696374,4471.699898317524
26861.99626397519,783.0601609904411,4860.92013819868,-3755.594420022171,4054.119820457791
26861.99746060532,292.1168944362273,5395.337704887149,-3499.843917521124,3592.554741969221
26861.99865876917,-202.5650788949619,5872.978749212191,-3206.50724097788,3092.025520073186
26861.9998579604,-695.5149444634791,6288.459400636746,-2878.765800867926,2558.014368797576
26862.00003512016,-767.8377721314372,6344.258571805396,-2827.659944333916,2476.663222437047
