DefaultSC.A1ModJulian,DefaultSC.EarthMJ2000Eq.X,DefaultSC.gse.X,DefaultSC.gse.Y,DefaultSC.gse.Z
27592.00004669423,4130.387316102662,-1918.446239372848,-3661.521694602283,5917.163417262788
27592.00074113868,3985.568648558669,-1489.593988650972,-3740.865303866833,6003.533007152767
27592.00183908993,3726.067622503387,-800.7434384421144,-3837.329116793115,6093.536317025158
27592.00299824525,3414.175340023718,-65.51184886987267,-3900.044519744277,6126.300971474157
27592.00416831186,3063.375827649561,677.2567739121664,-3922.247092254824,6094.66307369198
27592.00534354728,2678.612521172375,1416.078130704805,-3903.038993605224,5998.236203209943
27592.00652309106,2264.067298188756,2142.548763815863,-3842.413383684546,5837.761087197921
27592.00770656444,1824.145027591697,2848.672557382668,-3740.854009638294,5614.715382425324
27592.00889363837,1363.53861089769,3526.676271036568,-3599.304273159749,5331.281548676195
27592.01008391465,887.2195503094252,4169.029130242805,-3419.167646267326,4990.345710535632
27592.0112769873,400.3599776662741,4768.569153261122,-3202.290391173919,4595.459078340194
27592.01247239874,-91.70839220333534,5318.567795337492,-2950.951425779417,4150.816100500725
27592.01366968174,-583.5725729753049,5812.835884453634,-2667.832955922268,3661.198624679709
27592.01486834736,-1069.797000430606,6245.795334788666,-2355.994072843242,3131.92775749393
27592.0160678967,-1544.992984223288,6612.555217720314,-2018.834456943257,2568.799741062595
27592.01726784367,-2003.892111453397,6908.979528612292,-1660.048759071343,1978.007886639339
27592.01846768486,-2441.397709765652,7131.730312996223,-1283.592124172072,1366.084218024336
27592.01966692873,-2852.657884996198,7278.318501422274,-893.6252707457794,739.8082541800136
27592.02086511179,-3233.128594347741,7347.133863962126,-494.4590608394915,106.1168555781601
27592.02206178382,-3578.621755052971,7337.459546691099,-90.50746290930113,-527.971356788629
27592.02325651188,-3885.356057255148,7249.479866128916,313.7664810699571,-1155.441980098746
27592.02444890024,-4150.005452180173,7084.273162028069,713.9106002812499,-1769.378752647635
27592.02563860373,-4369.736640715381,6843.787931661215,1105.540472059214,-2363.051135867279
27592.02682526057,-4542.226804134158,6530.82771474149,1484.368491034783,-2929.958982870742
27592.02800859056,-4665.705005636529,6148.992130233091,1846.285448761758,-3463.955744241794
27592.02918834018,-4738.956361737018,5702.636578974288,2187.388460270129,-3959.289025797286
27592.03036427811,-4761.33275282736,5196.819550352231,2504.023565642263,-4410.66307120272
27592.03153622589,-4732.756310467073,4637.225571683365,2792.834015999455,-4813.307931142422
27592.03270405571,-4653.711037571421,4030.090942323929,3050.793284284977,-5163.02484843589
27592.03386767073,-4525.230735268403,3382.135724805476,3275.230228548454,-5456.219856507978
27592.03502699287,-4348.884413683939,2700.491385647508,3463.853863837985,-5689.936339084832
27592.03618201467,-4126.745028082105,1992.586447867876,3614.783060298639,-5861.891431975957
27592.03733273787,-3861.368805901805,1266.095854153613,3726.551826716458,-5970.479875801485
27592.03847921597,-3555.754067634298,528.8287166387854,3798.126386374647,-6014.790689252462
27592.03962154444,-3213.302992652306,-211.3529797120696,3828.907857109318,-5994.604018520576
27592.04075984138,-2837.78530360807,-946.6068481847035,3818.732074806003,-5910.384272962278
27592.04189425385,-2433.292617160706,-1669.197242873734,3767.867097508222,-5763.268211978397
27592.043024976,-2004.184285142131,-2371.586908263708,3677.003494977937,-5555.041216163021
27592.04415222468,-1555.04655577876,-3046.49736656751,3547.242023705372,-5288.112302279749
27592.04527625506,-1090.63648677596,-3686.990015379505,3380.075633476223,-4965.4782525226
27592.04639734194,-615.8385569150372,-4286.521501022684,3177.371325800115,-4590.689858097042
27592.0475157974,-135.6064757103202,-4839.014623799431,2941.343878866687,-4167.803877910737
27592.04863196454,345.0847646961637,-5338.908432675172,2674.529416121643,-3701.336646903554
27592.04974620549,821.2830651310944,-5781.200960854052,2379.759093687013,-3196.218522133006
27592.05085891534,1288.113072802287,-6161.497009088108,2060.124530887689,-2657.734832057813
27592.05197051623,1740.819446772682,-6476.039181171332,1718.945817551143,-2091.472413198671
27592.05308144446,2174.805274954545,-6721.732243255843,1359.741272197843,-1503.269501921914
27592.05419216809,2585.680192938457,-6896.168937622526,986.1868462070421,-899.1491771989572
27592.05530314288,2969.282663343196,-6997.638234089915,602.09522620911,-285.2854253144665
27592.05641486049,3321.734053644466,-7025.143233093828,211.3638107241143,332.0806880285963
27592.05752780664,3639.456860285187,-6978.399778079347,-182.0470590212961,946.6754433243414
27592.05864245964,3919.206660113865,-6857.83931714225,-574.1492583694699,1552.248366720451
27592.05975928392,4158.100297445035,-6664.606754159962,-960.9605811788697,2142.625371540831
27592.06087873454,4353.643922906435,-6400.551227270606,-1338.542343306779,2711.767375421739
27592.0620012299,4503.752768781727,-6068.219079006354,-1703.026193327741,3253.812144918538
27592.06312715568,4606.776265705708,-5670.837872395949,-2050.652240637221,3763.133102229762
27592.06425686894,4661.518423439352,-5212.291933121293,-2377.806601018076,4234.396409706253
27592.06539069254,4667.253237992156,-4697.094437487785,-2681.055196084397,4662.611825105099
27592.06652887607,4623.739229128504,-4130.372037812059,-2957.169333272584,5043.171808210975
27592.06767162347,4531.23267260473,-3517.81463592265,-3203.169849550939,5371.916517075622
27592.06881910826,4390.490582816801,-2865.618265418829,-3416.363404978047,5645.18577138106
27592.06997140976,4202.779410156428,-2180.467208565171,-3594.362781260103,5859.849567530903
27592.07112857958,3969.864679153959,-1469.436846147405,-3735.130843297584,6013.36824523621
27592.07229059594,3694.008377339532,-739.9531247124742,-3837.000847088964,6103.820800684624
27592.07345739186,3377.949303716448,0.2971172261718493,-3898.705395252235,6129.942077695933
27592.0746288202,3024.891873552992,743.422580974699,-3919.396012760976,6091.14834080612
27592.07580468345,2638.472905063019,1481.429959306123,-3898.663834067658,5987.560144172783
27592.07698473389,2222.728138585658,2206.311979917255,-3836.551694429284,5820.013000728766
27592.07816866412,1782.056927724949,2910.132525794893,-3733.562438707014,5590.062331403287
27592.07935614883,1321.16216846139,3585.143698629439,-3590.657072697424,5299.969295423638
27592.08054678824,845.021842330577,4223.845051277896,-3409.256086492761,4952.697136305271
27592.08174016472,358.8132222667042,4819.108010540491,-3191.223726177993,4551.874348758185
27592.08293583972,-132.1449055444255,5364.260209945952,-2938.849967893986,4101.758038851706
27592.08413332954,-622.4435043306739,5853.158321959996,-2654.833391953905,3607.199771553046
27592.08533214914,-1106.664735392972,6280.286376924258,-2342.243921191614,3073.577203313142
27592.0865318004,-1579.441595532133,6640.819528162345,-2004.490823876116,2506.73730438906
27592.08773178617,-2035.527849146872,6930.689915328272,-1645.280052785301,1912.92255157273
27592.0889316126,-2469.861850677045,7146.63770205234,-1268.570094915699,1298.696181101903
27592.09013077775,-2877.623857676154,7286.251083240832,-878.5289780737957,670.8703087174058
27592.09132882361,-3254.311778358936,7348.002305300694,-479.4677099212565,36.39729950604305
27592.09252530279,-3595.78184888448,7331.257104931561,-75.79886305087598,-597.6966940773423
27592.09371979706,-3898.302651243996,7236.280753198548,328.0221925914598,-1224.405200698035
27592.09491190462,-4158.594308770881,7064.231800338093,727.5460467490391,-1836.817943160077
27592.09610125816,-4373.869821069686,6817.142794675639,1118.387987858895,-2428.211804908983
27592.09728754229,-4541.866174938038,6497.884039533498,1496.284728870237,-2992.136968036237
27592.09847046732,-4660.860951934607,6110.127183164484,1857.134501429916,-3522.476835793047
27592.09964977621,-4729.689768815788,5658.295438853519,2197.045826272372,-4013.520304530201
27592.10082525061,-4747.755184877297,5147.50337759259,2512.382457489151,-4460.026976668832
27592.1019967262,-4715.026671583659,4583.482734522457,2799.806086513366,-4857.287456156207
27592.10316406189,-4632.034060009343,3972.523348784239,3056.302804420293,-5201.159530796936
27592.10432717934,-4499.85287578837,3321.37578708029,3279.222304108078,-5488.120631227004
27592.10548601472,-4320.088941581405,2637.195069496435,3466.292548290088,-5715.285665329429
27592.1066405377,-4094.854592763664,1927.447795048753,3615.645871303574,-5880.439232967226
27592.10779077018,-3826.734774129406,1199.813759630543,3725.836589950088,-5982.053882624748
27592.10893677167,-3518.753746411449,462.1071356812563,3795.848046925105,-6019.29361375175
27592.11007863102,-3174.338870072938,-277.8043949269399,3825.097469066455,-5992.013697024773
27592.11121645919,-2797.281831010449,-1012.079962469465,3813.43756599436,-5900.755372102385
27592.11235043252,-2391.678957422663,-1733.016312174449,3761.151585885453,-5746.72716093271
27592.11348071675,-1961.90954459584,-2433.078927050969,3668.946285873088,-5531.790757212547
27592.11460756065,-1512.552860447237,-3105.036659112897,3537.933840431737,-5258.419150166543
27592.11573121133,-1048.369054931939,-3741.979458379748,3369.620078683188,-4929.676290597833
27592.11685196003,-574.2311604442875,-4337.412207502284,3165.880176383387,-4549.169370398413
27592.11797012318,-95.08187288254032,-4885.303189764325,2928.93678300261,-4121.009404994418
27592.11908603689,384.114046154174,-5380.136236895305,2661.33521970929,-3649.766791395232
27592.12020007917,858.4284319708073,-5816.968343483741,2365.909062514703,-3140.411122076914
27592.12131263845,1323.003829528442,-6191.456609019648,2045.7563662673,-2598.270798849417
27592.1224241472,1773.11323739671,-6499.904731049341,1704.197585429153,-2028.961810684811
27592.12353504542,2204.18798523188,-6739.277247369914,1344.751668077642,-1438.348358539191
27592.12464579008,2611.862970219396,-6907.225584231318,971.0989251532611,-832.4814335513033
27592.12575684935,2992.013119702645,-7002.102786760975,587.0474958400613,-217.544181044525
27592.12686871415,3340.792893540598,-7022.973306406131,196.4934508754329,400.2122798985922
27592.12798185742,3654.656343358779,-6969.615549633354,-196.6008394953136,1014.503525166582
27592.12909675386,3930.395762500921,-6842.525082237147,-588.249419427631,1619.079797940934
27592.13021386482,4165.166469971107,-6642.910736060865,-974.473553246619,2207.774498472665
27592.13133364962,4356.515453917339,-6372.682741445308,-1351.341590547824,2774.566150546202
27592.13245651839,4502.397220274193,-6034.449655237582,-1714.988986013179,3313.609971428884
27592.13358285842,4601.20261704624,-5631.496810739821,-2061.663964938179,3819.30800192525
27592.13471303604,4651.776705517907,-5167.759467721131,-2387.763607404427,4286.363588093011
27592.13584734113,4653.433126276469,-4647.816834672741,-2689.853838579053,4709.812602280157
27592.13698604125,4605.971623788512,-4076.836828737384,-2964.721507197569,5085.100246086309
27592.13812933556,4509.687594426132,-3460.55562731692,-3209.397174324944,5408.115194344033
27592.13927737652,4365.37850691329,-2805.220706057722,-3421.195376413617,5675.247562459405
27592.14043025774,4174.346017539237,-2117.543038810139,-3597.744634382721,5883.431616142492
27592.14158800572,3938.394708551894,-1404.64193717235,-3737.01781987543,6030.188271569175
27592.14275059733,3659.820251098084,-673.9673576916371,-3837.363331000617,6113.666541062195
27592.1439179361,3341.399941522796,66.75896609255233,-3897.528145619699,6132.674060479349
27592.14508988709,2986.363188622016,809.6446876524376,-3916.682162758006,6086.705281663607
27592.1462662511,2598.370804892476,1546.694544666566,-3894.433391063631,5975.958613264069
27592.14744676899,2181.481754873498,2269.901187535962,-3830.842024764279,5801.349396057782
27592.1486311312,1740.111269827871,2971.342462345643,-3726.428290961002,5564.512343232544
27592.14981898246,1278.984196233985,3643.277143265336,-3582.173910056918,5267.794015481103
27592.15100995724,803.0705505781006,4278.256448570531,-3399.512141420648,4914.225613148203
27592.15220362433,317.5525703243398,4869.183458496482,-3180.324108865517,4507.510990698765
27592.15339952469,-172.2481610479936,5409.423705131914,-2926.918598789192,4051.983286564101
27592.15459719969,-660.9439528861813,5892.899886995379,-2642.002278162869,3552.548021045813
27592.15579614388,-1143.125169253643,6314.14845079501,-2328.661461903377,3014.648309275997
27592.1569958749,-1613.452885630814,6668.416647594799,-1990.311279364875,2444.174422415528
27592.15819588656,-2066.703958037108,6951.704761349346,-1630.668113779864,1847.415693745109
27592.15939568233,-2497.847315521955,7160.828173361719,-1253.69745538785,1230.971555224598
27592.16059476025,-2902.099328300269,7293.454426586776,-863.5714714022912,601.6804635697422
27592.16179266595,-3274.99906111775,7348.137227621683,-464.6018467509313,-33.4898960097421
27592.16298894983,-3612.445488643863,7324.324425519475,-61.20150570659814,-667.5041564511591
27592.16418318812,-3910.752443070566,7222.364614790637,342.1749389205791,-1293.354246190464
27592.16537499939,-4166.693761033238,7043.495731268559,741.0898313523984,-1904.151075325961
27592.16656401779,-4377.53209488483,6789.827459795673,1131.165838054832,-2493.191471155487
27592.16774991859,-4541.053754279494,6464.307582089396,1508.145564870578,-3054.049083456854
27592.16893243066,-4655.59006080469,6070.673970586172,1867.943906019372,-3580.652318340997
27592.17011128698,-4720.026483929506,5613.419478520229,2206.678837650279,-4067.329598495542
27592.17128629535,-4733.816323562914,5097.708573389234,2520.735365533938,-4508.901882894018
27592.17245728105,-4696.976116862465,4529.330689809844,2806.787153062522,-4900.712229902941
27592.17362412912,-4610.079482277033,3914.609011303311,3061.842120248836,-5238.688500949354
27592.17478674134,-4474.245410578974,3260.343453877121,3283.261867691961,-5519.36832056913
27592.17594506673,-4291.118082281018,2573.713983914289,3468.794257103326,-5739.94061192113
27592.17709909838,-4062.840674296458,1862.19649480374,3616.591800323749,-5898.266020477005
27592.17824883949,-3792.032588045992,1133.497788167981,3725.222961306297,-5992.888134512862
27592.17939436339,-3481.742105329647,395.4313924406597,3793.689300131925,-6023.047655471913
27592.18053576614,-3135.416774053056,-344.1394157268223,3821.424241515539,-5988.674604761168
27592.18167314913,-2756.869257078992,-1077.374682337014,3808.295914827374,-5890.385229120916
27592.18280668173,-2350.212507106036,-1796.581263846066,3754.603734223524,-5729.463644772883
27592.1839365739,-1919.818447703109,-2494.273742055348,3661.065946059989,-5507.835782702313
27592.18506304297,-1470.281985764861,-3163.228709244368,3528.80950267358,-5228.047671555564
27592.1861863437,-1006.360253491644,-3796.574829378002,3359.352025032415,-4893.227391569186
27592.18730676375,-532.9231854618807,-4387.855071286554,3154.580765908532,-4507.045188828636
27592.18842462676,-54.90137011957188,-4931.087125451436,2916.727377650325,-4073.667110081152
27592.18954029333,422.7643820696696,-5420.815387499697,2648.33978690045,-3597.704918728709
27592.19065412955,895.1581455486922,-5852.143654621783,2352.260613399856,-3084.178357059634
27592.19176653832,1357.449518763687,-6220.790193492791,2031.589042720074,-2538.448859535732
27592.19287795594,1804.937040561021,-6523.116951433643,1689.64763347924,-1966.163773275527
27592.19398882599,2233.080248508196,-6756.148198723041,1329.95612845401,-1373.212739753569
27592.19509960517,2637.543231267385,-6917.595501239288,956.1956520734492,-765.6681951387295
27592.19621076353,3014.233130864382,-7005.873362694374,572.1733420484943,-149.7275308851868
27592.19732278403,3359.33540675864,-7020.107851527884,181.7866611527121,468.3445160013757
27592.19843613513,3669.338717467342,-6960.140902528839,-211.0028022164224,1082.258033818068
27592.1995512924,3941.073147733387,-6826.531339094168,-602.2128475286972,1685.767106331153
27592.20066873367,4171.735625134736,-6620.546509476018,-987.8748116855047,2272.723189050786
27592.20178887705,4358.904194156979,-6344.165377428128,-1364.048219110189,2837.098918654114
27592.20291214934,4500.577585065084,-6000.053767811715,-1726.880767685303,3373.080527295181
27592.20403894153,4595.187290279654,-5591.552668375492,-2072.629003151716,3875.099564113897
27592.20516959053,4641.617290223097,-5122.663686240367,-2397.689477516464,4337.880861815763
27592.20630440051,4639.223604919073,-4598.013356206467,-2698.641950242056,4756.507230511274
27592.20744362419,4587.846676078546,-4022.825245514404,-2972.279797887664,5126.464772643534
27592.20858747856,4487.820187685999,-3402.870541150958,-3215.648769776491,5443.699034616806
27592.20973607845,4339.983373487541,-2744.456905166023,-3426.067620912481,5704.646659779803
27592.21088952785,4145.674463787018,-2054.32460980489,-3601.180642379961,5906.307353118675
27592.21204784834,3906.733777159695,-1339.624544084084,-3738.97394075494,6046.26742984851
27592.21321100433,3625.492339698526,-607.8367167306419,-3837.809455830188,6122.744901623366
27592.21437890167,3304.756772666887,133.3031349732573,-3896.449983232239,6134.621196086623
27592.2155513853,2947.788843227548,875.881801803522,-3914.080857724015,6081.467035925105
27592.21672825668,2558.272627843335,1611.904146601032,-3890.327346675651,5963.55961571664
27592.21790923963,2140.292150382775,2333.360228277308,-3825.267696614515,5781.895972647888
27592.21909403296,1698.27446562858,3032.349358812063,-3719.439241407478,5538.189134209041
27592.22028227989,1236.95445095508,3701.153546143212,-3573.840288698969,5234.86307696224
27592.2214735906,761.3163018128726,4332.34326935539,-3389.923828174064,4875.031183896845
27592.22266755561,276.5329649802358,4918.873848394056,-3169.583421052022,4462.463324603756
27592.22386369504,-212.0716540811524,5454.148547486253,-2915.146141525163,4001.567686483379
27592.22506154474,-699.1191672566621,5932.144062525712,-2629.333864356186,3497.315690813343
27592.2262606136,-1179.222847327675,6347.46487144087,-2315.241505509695,2955.201459590071
27592.22746040429,-1647.060159661777,6695.420902173375,-1976.298288611001,2381.171857974774
27592.22866042567,-2097.441264683555,6972.089564372416,-1616.224613837011,1781.551263561721
27592.22986016011,-2525.359599974397,7174.358708490135,-1238.998585634887,1162.983668299722
27592.23105914419,-2926.081568562045,7299.981211028228,-848.7840952435233,532.3126988431122
27592.23225689737,-3295.177166966089,7347.587610531257,-449.9028368845496,-103.4643230897141
27592.23345297561,-3628.590985576601,7316.708771650901,-46.76548584035055,-737.3079972037083
27592.23464695883,-3922.684360408363,7207.775242270774,356.1772991583499,-1362.214570144491
27592.23583846852,-4174.280347641662,7022.105183784555,754.4937615941064,-1971.308037812205
27592.23702714034,-4380.692023834988,6761.886425984616,1143.814076829699,-2557.906538528418
27592.23821265964,-4539.758069159549,6430.139089344147,1519.893066018869,-3115.617710902964
27592.23939473779,-4649.859068717714,6030.67743186513,1878.651087686155,-3638.399463288682
27592.24057315183,-4709.934654730318,5568.044436132465,2216.231709564767,-4120.644233180085
27592.24174768834,-4719.484908424643,5047.470806706408,2529.027052941093,-4557.214836924783
27592.24291819782,-4678.573055623397,4474.787032717898,2813.731846468823,-4943.520469106509
27592.24408454843,-4587.817473194566,3856.369903059146,3067.36516781216,-5275.54542680384
27592.24524665188,-4448.378865928282,3199.053242177325,3287.307354409419,-5549.897805227743
27592.24640448701,-4261.935132496507,2510.030175595871,3471.327610186076,-5763.842499199663
27592.24755801267,-4030.669428424365,1796.819835858815,3617.589511574332,-5915.306429353876
27592.24870728171,-3757.221469872346,1067.113499687114,3724.683945772269,-6002.913629175515
27592.24985233663,-3444.672266289316,328.7513800283573,3791.624937445703,-6025.976223319819
27592.2509932678,-3096.494248829368,-410.3994746615499,3817.862831382997,-5984.501744903009
27592.25213020367,-2716.509826809051,-1142.524415286646,3803.282369406405,-5879.181317105348
27592.2532633122,-2308.844853681372,-1859.944380000545,3748.197183284315,-5711.371680087373
27592.25439279244,-1877.883671312068,-2555.189168197883,3653.340368671489,-5483.072089641147
27592.25551887654,-1428.219409332062,-3221.073326593651,3519.851095452467,-5196.894609423844
27592.25664181949,-964.6081214086873,-3850.760273903361,3349.258836069634,-4856.03191539469
27592.2577619139,-491.912287457263,-4437.835940526564,3143.46082642493,-4464.213278345988
27592.25887948771,-15.05099873304926,-4976.365202505961,2904.697274747268,-4025.658877060413
27592.25999489197,461.0445826575897,-5460.937970021848,2635.526667885883,-3545.035392982432
27592.26110851549,931.4858255072562,-5886.721478836371,2338.793048965872,-3027.39816262189
27592.26222075101,1391.459215376962,-6249.486429548982,2017.603571367453,-2478.152507165413
27592.26333205406,1836.29556557514,-6545.659598499744,1675.279078637482,-1902.969355121059
27592.264442867,2261.480911112944,-6772.324400016641,1315.341892847421,-1307.76559539869
27592.26555364878,2662.709809268199,-6927.254064037234,941.4735099132392,-698.6331010228264
27592.26666487968,3035.92460895562,-7008.925720387282,557.4774349397431,-81.7780224205444
27592.2677770323,3377.340776618734,-7016.526460806926,167.253478744906,536.5208918959552
27592.26889058717,3683.485743801755,-6949.960023761734,-225.2432143348662,1149.97821745157
27592.27000600777,3951.222593832801,-6809.84705067799,-616.0293457746513,1752.345231286409
27592.27112377609,4177.786864746433,-6597.515061227012,-1001.141770557243,2337.485553220872
27592.27224430249,4360.793589581403,-6315.004123378758,-1376.642295220874,2899.383732922919
27592.27336801156,4498.280415220991,-5965.03882825964,-1738.683735151258,3432.24692091767
27592.27449527541,4588.717055240611,-5551.023412066683,-2083.523625731954,3930.526345519593
27592.27562643177,4631.028893421935,-5077.014836652099,-2407.567084246275,4388.982388052933
27592.27676177989,4624.612579075976,-4547.693722604837,-2707.401664450225,4802.736725426066
27592.27790157162,4569.348630657274,-3968.332198680936,-2979.830545872358,5167.321466269027
27592.27904599064,4465.613046151097,-3344.7636758469,-3221.903460929208,5478.724910394025
27592.28019518203,4314.281461125932,-2683.319480932929,-3430.958249748796,5733.450296499497
27592.28134922735,4116.731272727011,-1990.786513655247,-3604.647865469727,5928.553912058467
27592.28250813866,3874.839942800405,-1274.350090872501,-3740.971567236897,6061.688101992713
27592.28367187836,3590.971940492254,-541.513584281297,-3838.30646095823,6131.142120754543
27592.28484034533,3267.965536191777,199.967909152906,-3895.430729685575,6135.871413407053
27592.2860133707,2909.113320764941,942.1649589275323,-3911.546041363379,6075.524285216981
27592.28719075523,2518.122832172274,1677.082570251066,-3886.295189634347,5950.457356281067
27592.28837222833,2099.094669123944,2396.722866030521,-3819.773199941815,5761.745961791757
27592.28955748552,1656.470574196649,3093.19948824001,-3712.533761218334,5511.181126546585
27592.29074616299,1194.996934701315,3758.814644599099,-3565.591800804626,5201.264716441576
27592.29193784086,719.6740224285869,4386.155630700841,-3380.420892359438,4835.194112747519
27592.29313211662,235.6712014320916,4968.223965642337,-3158.930272602468,4416.810760440306
27592.29432850207,-251.6908530084484,5498.469189752774,-2903.463968595216,3950.59475767026
27592.29552655327,-737.0541487303899,5970.933165722867,-2616.752881276992,3441.572068552055
27592.29672575383,-1215.039340796031,6380.27322741978,-2301.909843768556,2895.30383063051
27592.29792561018,-1680.348540590707,6721.870674680309,-1962.37385430124,2317.785211347835
27592.29912563549,-2127.821761391807,6991.878378361088,-1601.872548758799,1715.380192953739
27592.30032532731,-2552.490589419264,7187.264145859977,-1224.385420979253,1094.758007077387
27592.30152420703,-2949.652734596391,7305.857664834264,-834.0849829416777,462.7941855779272
27592.30272181096,-3314.924278145315,7346.372470317409,-435.2892013465071,-173.5076434005587
27592.30391769419,-3644.292711348395,7308.420161495942,-32.40851484640922,-807.1016565708569
27592.3051114291,-3934.163675732366,7192.513226111588,370.1064884058067,-1430.98337573613
27592.30630264675,-4181.411095525653,7000.04944987532,767.8320206729436,-2038.294228573733
27592.30749098742,-4383.398609343848,6733.293352203547,1156.40659332979,-2622.37595673202
27592.30867613767,-4538.015425756387,6395.338821477993,1531.594125165635,-3176.866544862626
27592.30985782217,-4643.693847055368,5990.065504073666,1889.329492676118,-3695.76760276417
27592.31103579635,-4699.421881330542,5522.089064858836,2225.761971171261,-4173.507676611244
27592.31220987888,-4704.750198879,4996.686854398684,2537.306439495592,-4605.014944705652
27592.31337990913,-4659.788372698637,4419.746148486552,2820.669084364763,-4985.752161505776
27592.31454575834,-4565.199871015308,3797.688333341276,3072.885651513674,-5311.768617829141
27592.31570737354,-4422.183004682932,3137.365406023384,3291.359559694855,-5579.748579985346
27592.31686469073,-4232.459087335378,2446.025049186435,3473.86850288933,-5787.017885383817
27592.31801770183,-3998.241637774579,1731.189988303234,3618.598966956821,-5931.584588972155
27592.31916646367,-3722.199478402588,1000.563227163728,3724.15865623432,-6012.147624937059
27592.32031102188,-3407.438777438912,261.9895997707945,3789.578093187679,-6028.094956428668
27592.3214514763,-3057.450592101981,-476.6710627333518,3814.323715941249,-5979.509418408595
27592.32258796113,-2676.071970755851,-1207.616225869283,3798.294955793906,-5867.155597524414
27592.32372063775,-2267.443147189208,-1923.178120943396,3741.819810527929,-5692.463671781092
27592.32484970658,-1835.955968130228,-2615.909977346646,3645.645381137674,-5457.504179444697
27592.32597540671,-1386.204158326246,-3278.659705499882,3510.92324221353,-5164.956045843938
27592.3270979807,-922.9475927867859,-3904.619212389398,3339.196845264644,-4818.080695725191
27592.32821775046,-451.0308172093501,-4487.431636838248,3132.369697229004,-4420.658742363235
27592.32933503095,24.6318916763109,-5021.20039207001,2892.693391462067,-3976.969815164095
27592.33045018303,499.1277023304966,-5500.570196037714,2622.732467922485,-3491.727035817904
27592.33156359401,967.5853106336293,-5920.761342152471,2325.33804163545,-2970.030937436221
27592.33267567155,1425.218829500991,-6277.606416388353,2003.618451178632,-2417.318339571758
27592.33378685068,1867.375283292228,-6567.585158664655,1660.904659177117,-1839.303097728951
27592.33489758886,2289.574583665069,-6787.847563454688,1300.717507637169,-1241.921176059681
27592.33600836078,2687.547053213454,-6936.231556940629,926.7346541493059,-631.2758441242645
27592.33711963456,3057.262626996436,-7011.274978128065,542.7638194516027,-13.59354492347893
27592.33823189567,3394.974953245768,-7012.228707128316,152.6994688083054,604.8466501523444
27592.33934562116,3697.245531900707,-6939.058433162848,-239.5040277561338,1217.756111589757
27592.34046127182,3960.973481146596,-6792.447058188163,-629.8653758731134,1818.889540679666
27592.34157932825,4183.431875501226,-6573.783476165368,-1014.424867497949,2402.120841507415
27592.34270020029,4362.274463247709,-6285.167866978972,-1389.249021044463,2961.451443255496
27592.34382431081,4495.577722222195,-5929.383053884153,-1750.495846330062,3491.11063293138
27592.34495202855,4581.850387831961,-5509.890018803128,-2094.428428853421,3985.576874699566
27592.34608368213,4620.056936650647,-5030.802590426019,-2417.456778201493,4439.641415383013
27592.34721956203,4609.633878575284,-4496.85616493079,-2716.174834066392,4848.463480834257
27592.3483598951,4550.503157240539,-3913.383563270384,-2987.389976598859,5207.614443071249
27592.34950489326,4443.078821292794,-3286.247529869128,-3228.169993625997,5513.144385187215
27592.35065466539,4288.277921057551,-2621.837864478763,-3435.857319663437,5761.604607588797
27592.35180929389,4087.515594943801,-1926.975264216949,-3608.119292831781,5950.115883385983
27592.35296878045,3842.706712634771,-1208.879214968588,-3742.968721101359,6076.397396038564
27592.35413309391,3556.246967522078,-475.0701351437701,-3838.798956076774,6138.810644185117
27592.35530211149,3231.009718287449,266.6693063448934,-3894.402745308314,6136.384802490194
27592.35647569229,2870.305369079249,1008.420901237592,-3908.999006534546,6068.843864717241
27592.3576536041,2477.873138664708,1742.169894534733,-3882.246010631045,5936.622902173044
27592.35883555953,2057.838149299986,2459.917519029726,-3814.25727190914,5740.879591842934
27592.36002126164,1614.653591722894,3153.800059027071,-3705.603989045657,5483.483553174747
27592.36121032051,1153.08484969966,3816.131483386462,-3557.321533168637,5167.021421343339
27592.36240235544,678.1205041361541,4439.555369925338,-3370.894996488869,4794.755265868401
27592.36359691384,194.9479952857084,5017.089566262969,-3148.257091513125,4370.613701693296
27592.36479355384,-291.1379954238365,5542.255954456991,-2891.757783641133,3899.1276719335
27592.36599178164,-774.7719806965638,6009.131203400048,-2604.151759622422,3385.404180010943
27592.36719111931,-1250.608254925885,6412.451364739142,-2288.554612372705,2835.043733845663
27592.36839105804,-1713.365861486615,6747.659716457834,-1948.418757860294,2254.096031754371
27592.36959109212,-2157.905940283147,7010.978415298057,-1587.485762098633,1648.975258717515
27592.37079073073,-2579.29777984552,7199.457048506492,-1209.738284510468,1026.377582229179
27592.37198950057,-2972.878226222285,7311.006699105948,-819.3512701185085,393.199214419054
27592.37318693725,-3334.304128592999,7344.422948969069,-420.6447537549041,-243.5416253873859
27592.37438260148,-3659.608864959077,7299.400192397119,-18.02687967877637,-876.7972184116618
27592.375576079,-3945.247852167763,7176.531242541656,384.0589052208564,-1499.574429343803
27592.37676698785,-4188.140162750597,6977.294880543257,781.1891834305328,-2105.021313526594
27592.37795497795,-4385.701592937693,6704.032201884451,1169.012540990264,-2686.507013725428
27592.37913975675,-4535.874311277873,6359.904718836049,1543.308223380378,-3237.709996383117
27592.38032104038,-4637.138690588154,5948.862274271638,1900.018467126733,-3752.665730134546
27592.38149858708,-4688.532353263886,5475.583410310368,2235.305237310779,-4225.849664646019
27592.38267222139,-4689.654256096686,4945.400995909191,2545.598255957641,-4652.244539869913
27592.38384177218,-4640.661104253976,4364.259475976671,2827.615735158018,-5027.368298194178
27592.38500714656,-4542.25860840329,3738.606755882625,3078.417247866436,-5347.344835544553
27592.38616825136,-4395.690072852613,3075.353949734213,3295.413967660249,-5608.915527889863
27592.3873250616,-4202.710962290987,2381.756944083123,3476.408262981132,-5809.487563189522
27592.38847757134,-3965.567774565124,1665.358305042985,3619.603111916841,-5947.141870229832
27592.38962581762,-3686.964193967399,933.8874169114665,3723.621153441411,-6020.651087321953
27592.3907698724,-3370.026687256476,195.1785230810851,3787.512667474588,-6029.482151376033
27592.39190983827,-3018.266592695789,-542.9122815869441,3810.760115622117,-5973.793251926205
27592.39304584967,-2635.537571296314,-1272.592026585712,3793.278469864316,-5854.423803777003
27592.39417808392,-2225.986215918285,-1986.219593643699,3735.409818078714,-5672.874810106549
27592.39530672776,-1794.016540897406,-2676.362941069699,3637.915670747442,-5431.28948244251
27592.39643202908,-1344.221835323576,-3335.905476094105,3501.960160773375,-5132.413173473629
27592.39755423696,-881.35742201583,-3958.078907861397,3329.097719348664,-4779.569609642047
27592.39867367531,-410.2605901110309,-4536.568686941037,3121.241945890541,-4376.598082454519
27592.39979067623,64.1723406633262,-5065.532418088887,2880.649851993938,-3927.825962931031
27592.40090559177,537.0394543685751,-5539.65991682426,2609.895094583168,-3438.018455501002
27592.40201880467,1003.485835937085,-5954.223739281751,2311.836624715251,-2912.322234232941
27592.40313074239,1458.755596631922,-6305.12032416652,1989.582524169331,-2356.202589246365
27592.40424183606,1898.218729026415,-6588.886038771003,1646.468336698369,-1775.406739885652
27592.40535254133,2317.421896079573,-6802.730920481619,1286.018019435137,-1175.897294780531
27592.4064633156,2712.119524660021,-6944.553514906936,911.9166636707772,-563.8067771427409
27592.40757465618,3078.324555397038,-7012.959351065299,527.9625860028932,54.64108378489755
27592.4086870359,3412.320437484324,-7007.26125174195,138.0536783481581,673.1533600938681
27592.40980092924,3710.704145220298,-6927.489088427878,-253.8566387605781,1285.439408544616
27592.41091681545,3970.416532798632,-6774.386446439064,-643.7964454096897,1885.269554160385
27592.41203515082,4188.76295581175,-6549.406780866843,-1027.801383893327,2466.51629291029
27592.41315634979,4363.437947827481,-6254.711055943008,-1401.944549012461,3023.201767498802
27592.41428082455,4492.556818564671,-5893.144619375958,-1762.386507860887,3549.57457177955
27592.41540896237,4574.670516598079,-5468.218856636424,-2105.403162050563,4040.151969481051
27592.41654105605,4608.781734296891,-4984.11545678077,-2427.401853501704,4489.746328149172
27592.41767741561,4594.368664812348,-4445.613135024696,-2724.991581715334,4893.567595969808
27592.41881827692,4531.391320838767,-3858.085807791679,-2994.991342642029,5247.236609626294
27592.41996381751,4420.303814314718,-3227.456044057189,-3234.471469921377,5546.845102159649
27592.42111415269,4262.060720561925,-2560.148473329223,-3440.788159158226,5789.004861577276
27592.42226934249,4058.116891333289,-1863.029682147296,-3611.618300820091,5970.895628762923
27592.42342941005,3810.417395983706,-1143.332800091918,-3744.991829815054,6090.307057407793
27592.42459428581,3521.397790944058,-408.6221879422219,-3839.312629723647,6145.667614382593
27592.42576384975,3193.960717546758,333.3078123117878,-3893.390532224231,6136.082605770715
27592.42693795505,2831.444192151612,1074.529601350503,-3906.461069237042,6061.353274718755
27592.42811636014,2437.612598836259,1807.024849940569,-3878.199875776453,5921.994339322933
27592.42929878128,2016.607625348837,2522.807486435258,-3808.737704131845,5719.242097003165
27592.43048488892,1572.907710598418,3214.01329690204,-3698.665811705378,5455.051477890257
27592.43167433255,1111.271800076739,3873.006263847428,-3549.03296704369,5132.077565665462
27592.43286669586,636.7051934087305,4492.44473126582,-3361.344584682894,4753.665641443551
27592.43406153633,154.3892675025828,5065.395061355874,-3137.54778017028,4323.812667367931
27592.43525839361,-330.3813584645952,5585.421149123653,-2880.010954199156,3847.123139816413
27592.43645678573,-812.259004120922,6046.662929113272,-2591.500029755976,3328.761001013744
27592.43765622382,-1285.91197744048,6443.916313405392,-2275.145265582903,2774.386343213933
27592.43885619891,-1746.083084610868,6772.695036915278,-1934.409711731124,2190.097027493298
27592.44005621341,-2187.665265936164,7029.297935232358,-1573.04101539927,1582.343096105908
27592.44125578435,-2605.763578785813,7210.852957637106,-1195.025448741234,957.8477012568392
27592.44245442243,-2995.746564907185,7315.348973766328,-804.5470987845102,323.5378001591512
27592.44365167192,-3353.315269118012,7341.665175652415,-405.9252162132267,-313.5595787528619
27592.44484709415,-3674.547642436564,7289.578823535415,-3.567411543710989,-946.3930803111848
27592.44604028505,-3955.948548177827,7159.764004101523,398.0888897254131,-1567.980272591225
27592.44723084944,-4194.483078207979,6953.781852022154,794.6206599784174,-2171.477010214267
27592.4484184799,-4387.624742078725,6674.042179811085,1181.697413676523,-2750.297012285249
27592.44960284499,-4533.359283616192,6323.788379749739,1555.094385481609,-3298.131198339692
27592.45078369383,-4630.221903031779,5907.03021095141,1910.774844260932,-3809.070122305025
27592.45196078139,-4677.298734172133,5428.509885990522,2244.911572193308,-4277.634034684637
27592.45313392434,-4674.237053876918,4893.621483534529,2553.94573625896,-4698.856273371596
27592.4543029759,-4621.239908713949,4308.349335533308,2834.616639903499,-5068.322821428607
27592.45546783286,-4519.057003470981,3679.189894590829,3083.99680942281,-5382.218160344822
27592.45662842026,-4368.970863019098,3013.080640039609,3299.517503600335,-5637.356794623216
27592.45778471536,-4172.773328279681,2317.304075528974,3478.997598110136,-5831.216839850872
27592.45893671168,-3932.744444901967,1599.423629953948,3620.656603869792,-5961.95254132778
27592.46008446351,-3651.613286709632,867.1704952475316,3723.135452094846,-6028.412648618273
27592.46122803394,-3332.53327012486,128.3895096682359,3785.499556025933,-6030.138336488865
27592.46236752079,-2979.038504694578,-609.0626102230165,3807.247773106717,-5967.364189138539
27592.46350307071,-2594.995660180666,-1337.410884013658,3788.31141821044,-5841.004379047416
27592.46463485968,-2184.563669382968,-2049.030745451926,3729.047780171064,-5652.633343136955
27592.46576309029,-1752.147750601237,-2736.524258338893,3630.231472187047,-5404.461969610493
27592.46688800588,-1302.345104886567,-3392.802392916072,3493.039690032716,-5099.303238611394
27592.46800987716,-839.8999268948048,-4011.145176356844,3319.035324651258,-4740.537325852689
27592.46912901797,-369.6468548953075,-4585.272988186643,3110.143206239572,-4332.064256341911
27592.47024575488,103.5261302104397,-5109.387097177702,2868.630890220486,-3878.267816906525
27592.47136045777,574.7393596976831,-5578.236048432424,2597.076124768216,-3383.954813775378
27592.47247350525,1039.154597583465,-5987.144057535043,2298.345149744523,-2854.316568291605
27592.47358532555,1492.038136381683,-6332.064776049425,1975.551117782188,-2294.855388935933
27592.47469635858,1928.788490301427,-6609.596271887522,1632.030835690543,-1711.34531982847
27592.47580705736,2344.978957440282,-6817.008440378061,1271.311554571257,-1109.775388647445
27592.47691789546,2736.399796729797,-6952.263612683384,897.0742273654358,-496.2881223365603
27592.47802934728,3099.087957761526,-7014.026667497869,513.125042677176,122.8673821436978
27592.47914189839,3429.365419671184,-7001.674787296688,123.3567787038871,741.3985450769076
27592.48025602579,3723.865172404029,-6915.299743048708,-268.2799012397659,1353.015582727511
27592.48137218782,3979.559867924125,-6755.709707087997,-657.8085224223288,1951.48308852598
27592.48249082011,4193.790754263256,-6524.426851094384,-1041.261666580086,2530.675501765151
27592.48361236924,4364.299335782974,-6223.668331947152,-1414.72871809752,3084.650846915391
27592.48473725169,4489.24041081724,-5856.335363444127,-1774.377311504318,3607.683706123816
27592.48586580656,4567.201001040869,-5426.013005140612,-2116.475332959865,4094.300512294053
27592.48699837366,4597.228321887163,-4936.919925106543,-2437.452667105872,4539.371375178333
27592.4881352284,4578.839117755505,-4393.899465775628,-2733.917194759726,4938.134641099899
27592.48927659488,4512.034937134097,-3802.379666878115,-3002.6958376198,5286.257136100115
27592.49042265196,4397.310212901296,-3168.326152461358,-3240.871449634493,5579.886824283027
27592.49157351784,4235.657336792474,-2498.199725664765,-3445.813476483298,5815.696164784464
27592.49272926218,4028.564729533378,-1798.892571626173,-3615.213026387974,5990.929585861237
27592.49388986815,3778.018426922902,-1077.687788971258,-3747.108366575783,6103.438843858931
27592.49505529292,3486.47961961083,-342.1524538484859,-3839.921475066707,6151.726974999335
27592.49622539607,3156.883509335478,399.8941824085641,-3892.475318016252,6134.971681674379
27592.49740001676,2792.59716504911,1140.510826926552,-3904.021197408978,6053.051418395531
27592.49857890213,2397.410325854159,1871.675263433953,-3874.252170106661,5906.561303967604
27592.49976177556,1975.479541543649,2585.417211656739,-3803.316125160427,5696.816026424218
27592.50094830018,1531.298210136673,3273.887335498846,-3691.821494738042,5425.84961933528
27592.50213810138,1069.642300950799,3929.463897382604,-3540.836847250006,5096.400349780604
27592.50333077212,595.5164102579928,4544.847220051083,-3351.883739194962,4711.886475319312
27592.50452587569,114.096814349313,5113.150254516454,-3126.92381915832,4276.373330107393
27592.50572293055,-369.321410810397,5627.978335430347,-2868.34432137233,3794.539272444661
27592.50692146382,-849.4077482711599,6083.534246219546,-2578.923079344358,3271.605530306983
27592.50812097401,-1320.844359677328,6474.674353679191,-2261.805720457692,2713.292057249291
27592.50932095956,-1778.401183618696,6796.985921157327,-1920.464012717759,2125.740453973228
27592.51052092504,-2217.000985455344,7046.843168317395,-1558.653411909698,1515.438472308522
27592.51172037645,-2631.778637818426,7221.451017864156,-1180.370084687431,889.1453316269749
27592.51291884574,-3018.147890567606,7318.882635521523,-789.7956208656857,253.7982473707766
27592.51411586052,-3371.845919618277,7338.098351921526,-391.2565857475275,-383.5548887820737
27592.51531099741,-3689.000079080293,7278.959150812539,10.84483676060501,-1015.868147293974
27592.51650386442,-3966.164819270403,7142.219095813693,412.0779760261337,-1636.171938884697
27592.51769406669,-4200.353242763202,6929.517647310906,808.0246629673918,-2237.637602327088
27592.51888129402,-4389.08770683572,6643.341360406294,1194.360229452715,-2813.701528421057
27592.52006522282,-4530.405515754969,6287.004850642676,1566.87119306526,-3358.091084981008
27592.52124558779,-4622.891113806263,5864.591751416689,1921.527093233218,-3864.931298292287
27592.52242218331,-4665.683057948962,5380.893046794138,2254.524654233289,-4328.807083036557
27592.52359482017,-4658.474724148274,4841.360019969916,2562.316132944665,-4744.802275985732
27592.52476335661,-4601.51411346799,4252.023826371996,2841.656188284855,-5108.563562712631
27592.52592769081,-4495.593537773367,3619.422561032138,3089.632643689641,-5416.339751047523
27592.52708774757,-4342.035808948214,2950.529277394045,3303.692649945671,-5665.013820379528
27592.5282435211,-4142.666908998141,2252.644114013212,3481.674226696863,-5852.138549678531
27592.52939499826,-3899.800680802147,1533.354185182125,3621.812029856573,-5975.940402950027
27592.53054223261,-3616.195825802256,800.4033991966112,3722.763825274512,-6035.343918896214
27592.5316852988,-3295.027981541273,61.63349242966979,3783.612708565844,-6029.967252453192
27592.5328242971,-2939.850851624344,-675.1039449904952,3803.873647385491,-5960.120548993592
27592.53395937909,-2554.545248639458,-1402.048139001572,3783.493466987758,-5826.792057937602
27592.53509074286,-2143.272967798382,-2111.606402431989,3722.842725748087,-5631.624511571378
27592.53621857914,-1710.449347802401,-2796.397466723573,3622.70935569848,-5376.898986258239
27592.53734312521,-1260.675991024688,-3449.359615405812,3484.284126178245,-5065.496692221179
27592.53846466518,-798.6893106575928,-4063.817477632422,3309.140220309258,-4700.857066792991
27592.53958351319,-329.3169118134164,-4633.533360061022,3099.212828564829,-4286.938005340971
27592.54069999252,142.5628470453633,-5152.753982466697,2856.779735349199,-3828.178282271741
27592.54181447852,612.087605247535,-5616.28198121871,2584.42593607089,-3329.431032317762
27592.54292737006,1074.446322783057,-6019.503667282775,2285.019029527805,-2795.920465028415
27592.54403909273,1524.925947122444,-6358.427046359601,1961.677480996634,-2233.185761097603
27592.54515007112,1958.94388502558,-6629.705045022642,1617.746662101498,-1647.039404532517
27592.5462607732,2372.107304385462,-6830.672933449116,1256.752120775892,-1043.487212395914
27592.54737168506,2760.240871999077,-6959.355873372238,882.3719132639665,-428.6829008526865
27592.54848326087,3119.406664048844,-7014.478653657501,498.419290284777,191.1011616714063
27592.54959598617,3445.961566278103,-6995.483020176922,108.7863856256097,809.566447263232
27592.55071033975,3736.575647301886,-6902.524905150302,-282.5786526885529,1420.424651580843
27592.55182679163,3988.261797298539,-6736.473612273,-671.7064421236832,2017.453346553276
27592.55294577913,4198.398967426921,-6498.910595172891,-1054.633967651241,2594.540142594329
27592.55406773809,4364.764782993526,-6192.113747507823,-1427.451548995651,3145.755693477898
27592.55519305074,4485.549984258325,-5819.05380821629,-1786.321639118236,3665.383498482854
27592.55632208607,4559.386115564757,-5383.36365209567,-2127.528887295035,4147.995732442623
27592.55745516422,4585.359113991717,-4889.322621734736,-2447.505036793947,4588.491063941879
27592.55859256559,4563.025931976633,-4341.822235007474,-2742.868268572445,4982.152871412394
27592.55973450514,4492.427372751604,-3746.34107036683,-3010.452773460965,5324.693159694488
27592.56088113708,4374.098904886818,-3108.900700529207,-3247.347105263876,5612.307785884482
27592.5620325988,4209.06873248326,-2435.988987318357,-3450.936919988805,5841.734036889316
27592.56318892006,3998.867495464913,-1734.553754453945,-3618.919902947734,6010.273784191704
27592.5643501113,3745.510682314142,-1011.887705159442,-3749.352891911256,6115.852562007584
27592.56551609399,3451.498719632232,-275.5992382299087,-3840.669090088369,6157.043071238713
27592.56668673424,3119.794433067926,466.484562948333,-3891.708861414308,6133.100701715152
27592.56786186364,2753.792124499106,1206.413600874313,-3901.740032288558,6043.982459213267
27592.56904122799,2357.30299868965,1936.168944241478,-3870.47280307119,5890.363147709137
27592.57022455678,1934.497734287186,2647.796045705522,-3798.071382580376,5673.635054866961
27592.57141150182,1489.885309227572,3333.458675507175,-3685.161123148452,5395.911684239476
27592.57260167768,1028.252796813483,3985.557307552606,-3532.828254984256,5060.010477628771
27592.57379466612,554.6112983711647,4596.823322640867,-3342.612550665738,4669.427650416807
27592.57499002213,74.13726681596542,5160.411271489978,-3116.493517854668,4228.302935514434
27592.5761872733,-407.8866624758622,5669.983928975875,-2856.871798253073,3741.377665180859
27592.57738594248,-886.142429821604,6119.801485272449,-2566.539569178686,3213.934675478756
27592.57858551723,-1355.327470604234,6504.782610436869,-2248.657437522608,2651.752543795366
27592.57978550576,-1810.240348256691,6820.589418910362,-1906.705128989953,2061.014567070402
27592.58098540721,-2245.831407445986,7063.670476948867,-1544.448098566246,1448.24909760694
27592.5821847317,-2657.271257451371,7231.31103912248,-1165.887717213722,820.2426114589834
27592.58338301949,-3040.014455294589,7321.666329540822,-775.207068087804,183.9481654986553
27592.58457980651,-3389.841878729459,7333.77842138299,-376.7318162335998,-453.5797719604225
27592.58577464746,-3702.919187816931,7267.591119835805,25.12874901649457,-1085.281861482991
27592.58696715391,-3975.850118148111,7123.942874233825,425.9475876300439,-1704.198336895692
27592.58815697145,-4205.705509471422,6904.54752660304,821.3248000557996,-2303.538235435056
27592.58934375369,-4390.050371260864,6611.974630450402,1206.930500591519,-2876.745352653274
27592.59052721509,-4526.978510063916,6249.602758603678,1578.572332201378,-3417.599634789124
27592.59170709802,-4615.123336007946,5821.578388604161,1932.232094952306,-3920.270083001215
27592.59288318338,-4653.670383565743,5332.758396562821,2264.113999854789,-4379.38383780017
27592.59405529547,-4642.36062715501,4788.644209912596,2570.687159800538,-4790.084846973054
27592.59522329735,-4581.486531939926,4195.313125461575,2848.721332440706,-5148.081332019168
27592.59638708914,-4471.882424814815,3559.343739875458,3095.319546269861,-5449.687401991795
27592.59754660342,-4314.909508107935,2887.73898121032,3307.94593415031,-5691.856638743492
27592.59870182963,-4112.430414087588,2187.828436807377,3484.453614674483,-5872.212723123923
27592.5998527702,-3866.788540260745,1467.208728379471,3623.095769293431,-5989.058705183567
27592.60099947103,-3580.772430965613,733.6395959777019,3722.545415041025,-6041.393697434723
27592.60214202167,-3257.578085578511,-5.04339873730305,3781.903016466518,-6028.912512459947
27592.60328052647,-2900.777208148268,-740.9956449755355,3800.69893247509,-5951.999988929445
27592.60441515147,-2514.260329986763,-1466.477154830187,3778.894296901441,-5811.715959680546
27592.60554606557,-2102.209790371488,-2173.895271580137,3716.874821842475,-5609.779183359036
27592.60667348519,-1669.037942231123,-2855.910600842372,3615.44143984643,-5348.53699902933
27592.60779765922,-1219.342802259013,-3505.499643967246,3475.795732069395,-5030.932905075198
27592.60891886642,-757.8594841094593,-4116.020690198317,3299.522385542233,-4660.468884205618
27592.61003741674,-289.4099218001282,-4681.276435319171,3088.567746963836,-4241.161935842973
27592.61115363942,181.1415426639394,-5195.564305784268,2845.217952477408,-3777.50169027867
27592.61226792077,648.952612019547,-5653.742883256959,2572.063284325549,-3274.383646035432
27592.61338066119,1109.231810982514,-6051.252769831554,2271.977117550337,-2737.072324101603
27592.6144922784,1557.285078846115,-6384.156436563439,1948.085366829634,-2171.146458080053
27592.61560321453,1988.562058761606,-6649.171185238393,1603.732236663041,-1582.439258248841
27592.61671392368,2398.692303328556,-6843.689618799044,1242.4503215379,-976.9874231602494
27592.61782488399,2783.528486569603,-6965.799686849062,867.9223299096236,-360.9668133445152
27592.61893657446,3139.174058445383,-7014.292608959975,483.9537225878885,259.3526913082669
27592.62004947585,3462.018150465516,-6988.671799669385,94.43752949306645,877.6649905804081
27592.62116407177,3748.767445868672,-6889.154755701437,-296.6814529654461,1487.685537669042
27592.62228081869,3996.468172030129,-6716.673776195925,-685.4316950702303,2083.191756558113
27592.62340015684,4202.538259172979,-6472.871458188589,-1067.854832206941,2658.086443997551
27592.62452252823,4364.794731344546,-6160.083084051636,-1440.047745377533,3206.462734790605
27592.62564831629,4481.466513590816,-5781.334922747253,-1798.178366933668,3722.629447250123
27592.62677785737,4551.221389331568,-5340.326363931654,-2138.527409566736,4201.175452223823
27592.62791148871,4573.186385027952,-4841.383385530591,-2457.53933897411,4637.044568206175
27592.62904945436,4546.958013921788,-4289.46393396882,-2751.831046940736,5025.550542004508
27592.63019199355,4472.616231705313,-3690.08142705393,-3018.253002145621,5362.463743880415
27592.6313392374,4350.735882972767,-3049.310804494644,-3253.898929436545,5644.027822816154
27592.63249130904,4182.384586641259,-2373.685283846337,-3456.164067949478,5867.03776993648
27592.63364824445,3969.12801876598,-1670.180567118248,-3622.760562969161,6028.862413908113
27592.63481003351,3713.019144411649,-946.1270440895232,-3751.756611758915,6127.494168466816
27592.6359766007,3416.589096268888,-209.1497614072282,-3841.601190240458,6161.579819282985
27592.6371478141,3082.827652116012,532.9143050653336,-3891.150078805404,6130.449980781122
27592.63832348955,2715.157675781589,1272.101454562192,-3899.686353297098,6034.139298043253
27592.63950337419,2317.410432555631,2000.397743245459,-3866.936766809121,5873.401338795859
27592.64068716989,1893.782590715535,2709.844274354548,-3793.083852441135,5649.712319551734
27592.64187452816,1448.795680036019,3392.626527170414,-3678.771493787537,5365.266720879097
27592.64306507672,987.238645225842,4041.182181117757,-3525.101782202096,5022.95617683959
27592.64425837727,514.1318311823586,4648.269627323492,-3333.633606687441,4626.356949329527
27592.64545400669,34.63909478169445,5207.099769368721,-3106.358332340524,4179.671301491959
27592.64665147242,-445.9581350722429,5711.378028286254,-2845.694493939408,3687.712614368013
27592.64785029506,-922.3554949356374,6155.423657657878,-2554.448313715645,3155.824302002747
27592.64904997112,-1389.273755525621,6534.224058756565,-2235.78998575032,2589.833587881315
27592.65024998757,-1841.528195800111,6843.506117762217,-1893.215270574261,1995.979224387167
27592.65144985855,-2274.104721524187,7079.798685605759,-1530.494055230977,1380.819663103894
27592.65264908653,-2682.205432250958,7240.464766927145,-1151.636524934946,751.1738767004886
27592.65384721212,-3061.323545443986,7323.742063314012,-760.8301957985128,114.0143278678747
27592.65504378159,-3407.285098878152,7328.756519219368,-362.3995922693972,-523.5998456701095
27592.65623836294,-3716.303630697778,7255.533487275784,39.25053606056292,-1154.615617174155
27592.65743057201,-3985.029544844795,7104.990413425995,439.6967189298603,-1772.083644496403
27592.65862003533,-4210.577626510311,6878.922952624355,834.5367936071431,-2369.220535923481
27592.65980642953,-4390.566814082986,6579.973226331374,1219.454677577668,-2939.507986527287
27592.66098946581,-4523.139652368125,6211.592423752615,1590.26490637051,-3476.758714060294
27592.66216888976,-4606.979431821672,5777.993869844491,1942.960109948607,-3975.185647458315
27592.66334449194,-4641.320777138441,5284.092819071783,2273.75871703513,-4429.469463858693
27592.66451610863,-4625.951125302951,4735.440430050134,2579.145526618961,-4834.813823285361
27592.66568360502,-4561.206675387281,4138.160786242167,2855.904080209544,-5186.987930735013
27592.66684687231,-4447.964499136703,3498.878775737723,3101.149973691047,-5482.36919301616
27592.6680058671,-4287.622375062561,2824.618056218128,3312.367559666849,-5717.986735925571
27592.66916056615,-4082.080028125542,2122.74163816844,3487.42318162939,-5891.533808985034
27592.67031097974,-3833.711963100419,1400.860167699632,3624.587693021685,-6001.390111057876
27592.67145716503,-3545.332164997658,666.7368471378654,3722.551530365988,-6046.631654599386
27592.6725992092,-3220.160825568046,-71.78856265276772,3780.430902272997,-6027.029273684694
27592.67373722623,-2861.786199158064,-806.8826157754902,3797.772385490806,-5943.043501332586
27592.67487138653,-2474.111897213983,-1530.820498405459,3774.552090039724,-5795.807760652764
27592.67600186454,-2061.328231654825,-2236.032472491254,3711.169810094466,-5587.111986587409
27592.67712887567,-1627.853288913583,-2915.204655648384,3608.440077056852,-5319.372992635443
27592.67825267834,-1178.282195981322,-3561.35165693742,3467.576138382914,-4995.597755285764
27592.67937356935,-717.33882421639,-4167.879206449781,3290.170871840731,-4619.343280264909
27592.68049185537,-249.8382822926313,-4728.629670843846,3078.180135691176,-4194.682939336588
27592.68160786456,219.3665069795998,-5237.946276062679,2833.898677763493,-3726.158018111922
27592.6827219772,685.4462157675886,-5690.735776162724,2559.9258639756,-3218.713172528865
27592.6838345859,1143.625308299785,-6082.49143904643,2259.144237466272,-2677.658433888681
27592.68494612853,1589.240507228178,-6409.340915154899,1934.679939622875,-2108.598368898844
27592.6860570402,2017.763978843122,-6668.058943834802,1589.883347277281,-1517.398925535189
27592.68716777793,2424.854541269862,-6856.100642679391,1228.289322311892,-910.1184924019694
27592.68827881909,2806.395098551223,-6971.616796905874,853.5828343280934,-292.9502815169221
27592.68939064805,3158.523440597217,-7013.462562985262,469.5683988908824,327.8281947423295
27592.69050374309,3477.662095592781,-6981.204630127592,80.13970539593583,945.9051223885106
27592.69161858079,3760.551845649874,-6875.124707073614,-310.7571744997266,1554.994104588737
27592.69273563579,4004.280338921408,-6696.215550458612,-699.1592867988642,2148.890678899518
27592.69385534287,4206.301229948017,-6446.180250384596,-1081.109381589783,2721.508681226497
27592.6949781288,4364.46725263684,-6127.417065997482,-1452.703193905263,3266.953899787329
27592.69610437465,4477.046777971615,-5743.011777332802,-1810.113124435158,3779.561126496666
27592.69723443714,4542.748135163281,-5296.711140666122,-2149.632078298159,4253.96054611338
27592.69836862285,4560.734967838914,-4792.904715470888,-2467.701962895388,4685.120861440673
27592.69950718673,4530.642816247302,-4236.594772053288,-2760.950641873548,5068.404100396957
27592.70065033503,4452.591257283907,-3633.356586182519,-3026.229407352947,5399.619752519071
27592.70179821543,4327.192228424874,-2989.298059822498,-3260.646424617343,5675.072337508527
27592.70295091926,4155.553654529821,-2311.006664299945,-3461.602208724118,5891.610242631337
27592.70410850037,3939.273780534493,-1605.478513307128,-3626.824862763586,6046.671382399076
27592.70527092083,3680.443592618165,-880.0854765395379,-3754.392267412752,6138.313841394757
27592.70643808606,3381.630450489171,-142.4828238552877,-3842.767555579458,6165.258533374057
27592.70760987108,3045.851084088014,599.4862104509725,-3890.824070013723,6126.91450196233
27592.70878607662,2676.557567418253,1337.845765008733,-3897.861733225098,6023.396661851789
27592.70996645336,2277.60088779387,2064.589854370237,-3863.625251073935,5855.53911143529
27592.71115069735,1853.195797413763,2771.769989794557,-3788.315034193276,5624.899053196333
27592.71233846286,1407.874071278373,3451.595495690359,-3672.592164447042,5333.749158926614
27592.71352935844,946.438260699096,4096.523913931659,-3517.578098115913,4985.063001930242
27592.71472298017,473.8963316180213,4699.370101966178,-3324.843223345173,4582.479681513595
27592.7159188538,-4.571836037246484,5253.365228539818,-3096.402842337797,4130.288095610116
27592.71711650641,-483.7021918637643,5752.279169714555,-2834.687615318363,3633.360392320809
27592.71831545118,-958.2024663947616,6190.489210359167,-2542.519227251882,3097.10210397374
27592.71951519105,-1422.816419227414,6563.052338173353,-2223.078550057186,2527.389664063048
27592.72071523924,-1872.394397341398,6865.773137437932,-1879.863887482339,1930.492690075336
27592.72191507362,-2301.938356536663,7095.24577505273,-1516.663575999698,1313.023267048104
27592.72311422027,-2706.693076344946,7248.916795917048,-1137.487245764393,681.8157504024371
27592.72431220387,-3082.184334862189,7325.10248702709,-746.531836991628,43.86929857054656
27592.72550856387,-3424.278423746912,7323.012747560592,-348.126681327667,-593.7441511343354
27592.72670289329,-3729.240799125806,7242.755981814063,53.3316216023025,-1223.985289249641
27592.7278948017,-3993.766612491886,7085.330653248551,453.4195612275341,-1839.911099003694
27592.72908393296,-4215.022187173628,6852.608275281512,847.7448429976135,-2434.76563192936
27592.73026995039,-4390.672683567483,6547.308833211277,1231.99295638204,-3002.051083066996
27592.731452578,-4518.911993100974,6172.952240001848,1601.990492270244,-3535.621909980204
27592.73263157162,-4598.472752026916,5733.814484256341,1953.742616483454,-4029.738289020994
27592.73380671996,-4628.63672782807,5234.871914040925,2283.477991580912,-4479.129613933444
27592.7349778527,-4609.238019021888,4681.734003510282,2587.692166853747,-4879.053704402442
27592.73614484389,-4540.657945398403,4080.569811162907,2863.185056682265,-5225.345525476352
27592.73730761144,-4423.81311341573,3438.030743447433,3107.092687201378,-5514.456114729132
27592.73846608941,-4260.141923420052,2761.185915758289,3316.90970126683,-5743.478669813374
27592.73962027411,-4051.577122446947,2057.412839003356,3490.522061919308,-5910.183876666532
27592.74077018346,-3800.522832607658,1334.334852520972,3626.217346300555,-6013.026699455774
27592.74191586542,-3509.822598230885,599.7307027645597,3722.701074729662,-6051.158399692627
27592.74305743448,-3182.712564636829,-138.5754182668179,3779.107329948174,-6024.426269568256
27592.74419499612,-2822.80144892423,-872.7502321955301,3794.997006077077,-5933.365179206043
27592.7453287081,-2434.01165902321,-1595.073824238798,3770.361817766963,-5779.184664779187
27592.7464587752,-2020.532915130986,-2298.015905704781,3705.615544105065,-5563.742841397015
27592.74758541384,-1586.78736584093,-2974.28939755579,3601.585223475668,-5289.523802916704
27592.74870888491,-1137.369390113534,-3616.942536534249,3459.495722020299,-4959.598242225185
27592.74982946878,-677.0057331625552,-4219.410280065029,3280.953866557546,-4577.589797596408
27592.7509474779,-210.5012576127747,-4775.583061691706,3067.926130106548,-4147.628266424908
27592.75206326834,257.3150689249254,-5279.865994497589,2822.710949838501,-3674.295690381552
27592.75317721946,721.6295797985975,-5727.21565592875,2547.91475891892,-3162.581921813362
27592.75428972142,1177.685081773296,-6113.178316239153,2246.426821050025,-2617.838006884368
27592.7554011984,1620.835425396683,-6433.93513573165,1921.382625909623,-2045.710087880432
27592.75651210469,2046.586102079154,-6686.326767835525,1576.131339243306,-1452.083054308352
27592.75762289046,2450.621413968875,-6867.867895225525,1214.212895409576,-843.041230562445
27592.75873404379,2828.85840616199,-6976.772984818062,839.3106404478232,-224.7880662889838
27592.75984603791,3177.463310048874,-7011.958757545513,455.2337477130325,396.3827546732625
27592.76095935455,3492.894012212216,-6973.055627130751,65.87470903253745,1014.1575947969
27592.76207446536,3771.925642434268,-6860.408827218189,-324.8196659964807,1622.249853138775
27592.76319183822,4011.681597589422,-6675.075307500988,-712.8860670922335,2214.460410032596
27592.76431191856,4209.655927426061,-6418.818171348772,-1094.373922607398,2784.723929900762
27592.76543513368,4363.739304941543,-6094.09423534868,-1465.382870936762,3327.16725021993
27592.76656184186,4472.236306110894,-5704.054138316888,-1822.08271721654,3836.141711986677
27592.76769240029,4533.895762742204,-5252.501461098553,-2160.772817479363,4306.312086860155
27592.76882712748,4547.921125016444,-4743.873354838342,-2477.905527377258,4732.691351649695
27592.7699662521,4513.986743697716,-4183.233121512249,-2770.109458199036,5110.677073152936
27592.77110999207,4432.250576803397,-3576.195812855919,-3034.248201831073,5436.133839154169
27592.77225848253,4303.362536284953,-2928.916320753046,-3267.437033275066,5705.418385418296
27592.77341180948,4128.467217623366,-2248.020702936817,-3467.086670024186,5915.438922142463
27592.7745700059,3909.201061301663,-1540.547699957188,-3630.934542719646,6063.696058153231
27592.77573303225,3647.68876593693,-813.8943593843592,-3757.072773263571,6148.319087718984
27592.77690078998,3346.528874771478,-75.73543008579782,-3843.979102282207,6168.102736303858
27592.77807313829,3008.769646809406,666.0662177047484,-3890.541850848294,6122.532850373649
27592.77924987375,2637.888592457093,1403.530317239823,-3896.077992972457,6011.804057531147
27592.7804307482,2237.75623483244,2128.657875302174,-3860.349448827238,5836.830005585598
27592.78161544005,1812.609047249571,2833.504269650241,-3783.574916416788,5599.250552057444
27592.78280360078,1366.991150026659,3510.300587842205,-3666.4339699141,5301.418675920265
27592.78399483702,905.7119965904234,4151.535051523882,-3510.066124537476,4946.385742606833
27592.78518872953,433.7865433090268,4750.054751548359,-3316.061583316054,4537.870079583716
27592.78638482054,-43.61632834511737,5299.147304320786,-3086.449697984392,4080.225097428868
27592.78758263441,-521.2414788298641,5792.635657232146,-2823.676530712076,3578.387740686932
27592.78878168171,-993.8108867251206,6224.95714739601,-2530.578089568815,3037.822509835744
27592.78998147065,-1456.090777172474,6591.237356752523,-2210.346132138215,2464.454363028177
27592.79118149468,-1902.949538024378,6887.347851590399,-1866.495137869163,1864.606075959236
27592.79238126639,-2329.432209101399,7109.967536231905,-1502.812170333875,1244.90752917435
27592.79358027866,-2730.806267738343,7256.61602615184,-1123.323525138263,612.2364507654597
27592.79477808608,-3102.64609812438,7325.695276719242,-732.2213242022,-26.40646292742531
27592.79597422976,-3440.859445526291,7316.495649867996,-333.8364561998216,-663.9422982520746
27592.79716830844,-3741.756730969012,7229.205333387729,67.43629589540876,-1293.335927945921
27592.79835991514,-4002.075170393556,7064.904349587608,467.1697472573878,-1907.645918319074
27592.79954868971,-4219.029392093551,6825.545476474293,860.9743441144155,-2500.134117225667
27592.80073431987,-4390.338514539908,6513.920036930088,1244.549815419731,-3064.343272353075
27592.80191652751,-4514.244977645847,6133.619109392042,1613.729962405336,-3594.162878840428
27592.80309507289,-4589.530704984658,5688.98350132066,1964.531009966269,-4083.898882031769
27592.8042697543,-4615.525594342746,5185.046135713864,2293.19554694309,-4528.335038954978
27592.80544039677,-4592.109846598122,4627.472711676073,2596.23033874083,-4922.784144544297
27592.80660687479,-4519.709721918717,4022.480359750325,2870.449546069898,-5263.144287628988
27592.80776910748,-4399.28457406477,3376.76112775081,3113.004959479681,-5545.935039150331
27592.80892705474,-4232.308861633692,2697.402408283296,3321.412218719453,-5768.326664908385
27592.81008071215,-4020.749703796266,1991.806195180031,3493.572558203209,-5928.161936429817
27592.81123011136,-3767.039093832511,1267.603779768535,3627.791055542797,-6023.971546945623
27592.81237529058,-3474.049403558399,532.588801417131,3722.787839246202,-6054.981228444774
27592.81351635835,-3145.041879969781,-205.4094617366698,3777.713325482561,-6021.115428166061
27592.81465345255,-2783.634192528048,-938.5852583626568,3792.145585679373,-5922.983422794246
27592.81578673397,-2393.760382396323,-1659.23425250692,3766.089982942421,-5761.865948571094
27592.816916387,-1979.626257701722,-2359.833920545668,3699.975009204829,-5539.695279262897
27592.81804264673,-1545.651980077088,-3033.136257818409,3594.640538393484,-5259.021045998531
27592.81916576951,-1096.433743952527,-3672.220261118933,3451.324437325852,-4922.980037592755
27592.82028604526,-636.6901958208481,-4270.565485614547,3271.643934790279,-4535.254052662152
27592.82140378698,-171.217407983934,-4822.106671088777,3057.575717326496,-4100.028799539387
27592.82251935589,295.1703503116848,-5321.29989210323,2811.426352259035,-3621.935308918095
27592.82363312533,757.6732127407876,-5763.15178761646,2535.811778132709,-3106.011988376752
27592.8247455054,1211.562073671434,-6143.271974105721,2233.622926328202,-2557.640522505958
27592.82585691934,1652.213136076752,-6457.898073286701,1908.000458935071,-1982.500920285046
27592.82696780901,2075.152830743387,-6703.927530034101,1562.301478301152,-1386.512512795422
27592.82807864072,2476.100084567297,-6878.940510897418,1200.064030555918,-775.7728629513485
27592.82918989763,2851.000588633874,-6981.21262832216,824.9748753252539,-156.5035906558251
27592.83030206123,3196.055684323099,-7009.723708123545,440.841164101225,464.9968825497501
27592.83141559715,3507.752534080816,-6964.166900102258,51.56082846440307,1082.40272882895
27592.83253098474,3782.904484526534,-6844.950661607329,-338.9231038905647,1689.434733051397
27592.83364868966,4018.671194479247,-6653.194110903591,-726.6486072161301,2279.90176039491
27592.83476914743,4212.582828118754,-6390.723629496584,-1107.664740832495,2847.748828617171
27592.83589276794,4362.567241222604,-6060.062050984053,-1478.069607878373,3387.116581947218
27592.83701993811,4466.972608373873,-5664.41002049323,-1834.047659701139,3892.398395791847
27592.83815099785,4524.584829668522,-5207.63134964688,-2171.898565035414,4358.284596518861
27592.83928623281,4534.646858270366,-4694.23084991869,-2488.072773888446,4779.816160890429
27592.84042590346,4496.873745841375,-4129.307698379812,-2779.216618161402,5152.449608857533
27592.84157020581,4411.462458986151,-3518.532334044732,-3042.19738338065,5472.093666388226
27592.84271926583,4279.10213937034,-2868.105630767181,-3274.139410626913,5735.160651811399
27592.84387317959,4100.972508916473,-2184.683050742676,-3472.467195789352,5938.623187475835
27592.84503196109,3878.747161849385,-1475.343709345473,-3634.927537063088,6080.044794949777
27592.84619556577,3614.58438278507,-747.5108358860452,-3759.626018909062,6157.62531291243
27592.84736389724,3311.11161788134,-8.873832862709151,-3845.055179716102,6170.233192816268
27592.848536799,2971.40750037548,732.6857835512278,-3890.117543368005,6117.430166384614
27592.84971405697,2598.976012451345,1469.180005217166,-3894.146378607124,5999.490278342106
27592.85089540706,2197.712608855692,2192.607260421785,-3856.921460055905,5817.409615952498
27592.85208054493,1771.862960960567,2895.049045130574,-3778.678459197424,5572.905134881251
27592.85326910127,1325.988817055725,3568.747777999965,-3660.115477906792,5268.412025531684
27592.85446067902,864.9066169665534,4206.222057050597,-3502.390113066572,4907.059494210076
27592.85565483874,393.6397009883412,4800.349659784544,-3307.113195823094,4492.646606150208
27592.85685114322,-82.65612966143594,5344.477505380761,-3076.327562017799,4029.589461193646
27592.85804910272,-558.730622341692,5832.477850220043,-2812.497275367698,3522.894223752449
27592.85924821429,-1029.316384036849,6258.846755115683,-2518.476255900878,2978.089853533789
27592.86044800951,-1489.21011961752,6618.787487015401,-2197.463410407936,2401.141645218326
27592.8616479693,-1933.301725337865,6908.241513435587,-1852.987284130308,1798.421058971578
27592.86284760942,-2356.668716637034,7123.96716513682,-1488.843054200543,1176.590841630133
27592.86404644977,-2754.623087974539,7263.568245666078,-1109.055117386426,542.5397380639392
27592.86524403601,-3122.774380309003,7325.525272095062,-717.822397146537,-96.71103798384729
27592.86643990489,-3457.0710773951,7309.210759663374,-319.4793727384179,-734.0733766268779
27592.8676336493,-3753.867413234807,7214.896479472512,81.57720254638454,-1362.511631866713
27592.86882488615,-4009.953750805989,7043.741793287806,480.930469256878,-1975.108769084791
27592.87001325529,-4222.592500883964,6797.776602324622,874.1952736850975,-2565.147094354626
27592.87119844803,-4389.552139598049,6479.865582297803,1257.078887111973,-3126.200104224287
27592.87238019009,-4509.124531319675,6093.668751526716,1625.424500555008,-3652.196018685388
27592.8735582338,-4580.139972410581,5643.595470720541,1975.255977799237,-4137.482201875421
27592.87473238229,-4601.977499543848,5134.737871851701,2302.829327083833,-4576.896846837556
27592.87590246963,-4574.564425065807,4572.811830258464,2604.667177933677,-4965.814612634513
27592.87706839069,-4498.369950284463,3964.070384219179,2877.6027445015,-5300.202766260475
27592.87823007608,-4374.391985134133,3315.236787536283,3118.804240978675,-5576.649235463235
27592.87938746513,-4204.144546903559,2633.440824101143,3325.798041089012,-5792.389177590812
27592.88054056112,-3989.628850488014,1926.104150333018,3496.503158637411,-5945.340970251606
27592.88168940525,-3733.306007176112,1200.868066512546,3629.242408926412,-6034.111955050999
27592.88283403913,-3438.074249526234,465.5319214417236,3722.752523721935,-6058.004298671863
27592.88397458475,-3107.213157587422,-272.0837180766405,3776.200594583213,-6017.018056770636
27592.88511117805,-2744.358215967561,-1004.179374919702,3789.179645510831,-5911.836890299201
27592.88624397877,-2353.45700531494,-1723.064882603058,3761.710129019969,-5743.81537773831
27592.88737319034,-1938.717012177162,-2421.251403084688,3694.23393893254,-5514.953594153969
27592.88849904004,-1504.564844982947,-3091.514022497169,3587.60421309932,-5227.869944948437
27592.88962179904,-1055.59024175523,-3726.974278217329,3443.069297347932,-4885.761132015534
27592.89074175361,-596.5082299695216,-4321.148521539207,3262.257523607544,-4492.369277645484
27592.89185921991,-132.1045907352346,-4868.017158716202,3047.154981085275,-4051.934136064994
27592.89297455308,332.8166912966406,-5362.082069944616,2800.078575363032,-3569.139719437123
27592.89408813449,793.4756514765137,-5798.406368508251,2523.650604437028,-3049.066372351785
27592.89520037338,1245.162861855055,-6172.655303593702,2220.769022713465,-2497.135675475109
27592.89631168432,1683.274511943054,-6481.123503520867,1894.58288761935,-1919.066012016756
27592.89742253572,2103.373710773513,-6720.776597836852,1548.445857345239,-1320.790307446644
27592.89853338928,2501.20594420512,-6889.254294083116,1185.90009661497,-708.4293239837161
27592.8996447256,2872.746729708793,-6984.894169680276,810.635048147321,-88.22091908936954
27592.90075702141,3214.228872646011,-7006.73939521705,426.4603765833103,533.5251355666294
27592.90187075231,3522.177234112984,-6954.546716499898,37.27032929680388,1150.486199440871
27592.90298639689,3793.440449978025,-6828.786487547569,-352.9930832073147,1756.386337241773
27592.90410440899,4025.212462719807,-6630.64120967797,-740.3659476689344,2345.038009516945
27592.90522523222,4215.063193698121,-6361.996715115687,-1120.903313367591,2910.406621169693
27592.9063492598,4360.956631058189,-6025.439341120652,-1490.701860302515,3446.64683866741
27592.90747688524,4461.281343266747,-5624.22543533186,-1845.953471927235,3948.18379629533
27592.90860843518,4514.861708674705,-5162.278560523405,-2182.959911460305,4409.736547121312
27592.90974419532,4520.980513877335,-4644.155859453189,-2498.17906007595,4826.386901274886
27592.91088441741,4479.392003116507,-4075.009035823079,-2788.263254145526,5193.634595019503
27592.91202928232,4390.333038001479,-3460.56134275557,-3050.085908974879,5507.436393434219
27592.91317892621,4254.529827234299,-2807.048302172835,-3280.784562195351,5764.26525321291
27592.91433340915,4073.203409167947,-2121.181018355652,-3477.789035434332,5961.149469152904
27592.91549276305,3848.060057602203,-1410.057291673573,-3638.863110414421,6095.724402475355
27592.91665694519,3581.289015575873,-681.1210506192333,-3762.125999591226,6166.260126229827
27592.91782584318,3275.550080135289,57.91318182034456,-3846.082814548755,6171.697398846563
27592.91899929623,2933.948953442598,799.1532308540975,-3889.651169100123,6111.674326758811
27592.92017707101,2560.018031237898,1534.598835769423,-3892.180212115148,5986.544908137843
27592.92135891762,2157.666815917939,2256.265138627618,-3853.466414013626,5797.38284141071
27592.92254450063,1731.165886686155,2956.230929683767,-3773.763638691152,5545.989311571291
27592.9237334532,1285.086203429643,3626.765362589439,-3653.787948954398,5234.878469719324
27592.92492537479,824.2502905572826,4260.418453811149,-3494.714698733966,4867.256810316898
27592.92611983117,353.6788971458348,4850.111704257896,-3298.170446024269,4446.994144578312
27592.92731636198,-121.4687936364071,5389.229734449584,-3066.217974893759,3978.583255723471
27592.9285144932,-595.9598568480881,5871.708426979345,-2801.333546640215,3467.087611565119
27592.92971371733,-1064.541421120208,6292.103988340261,-2506.385481983561,2918.094538113777
27592.93091353937,-1522.021512850264,6645.680246584165,-2184.592135068476,2337.631957257878
27592.93211347243,-1963.329009984167,6928.462755722872,-1839.48442311955,1732.098269237012
27592.93331301184,-2383.565105417361,7137.282604107216,-1474.872109348328,1108.200062583432
27592.934511686,-2778.080658312988,7269.82700363306,-1094.784006363384,472.8466082685359
27592.93570903583,-3142.523470218642,7324.659784098896,-703.4252574685288,-166.9228637346382
27592.93690461743,-3472.890848273572,7301.238234669186,-305.1262913274285,-804.0246665009145
27592.93809802585,-3765.582531114254,7199.91593377445,95.71698838445033,-1431.427807064276
27592.93928888294,-4017.437028015502,7021.932259222403,494.6916492191935,-2042.230492999914
27592.94047683445,-4225.766199244275,6769.393935554132,887.418875583809,-2629.739577930829
27592.94166158299,-4388.388851488781,6445.23658946763,1269.615877172234,-3187.56378879848
27592.94284284275,-4503.644212241206,6053.193233973689,1637.130270367427,-3709.663855140231
27592.94402038219,-4570.412842228361,5597.733000885888,1986.000834883396,-4190.439811052578
27592.94519400036,-4588.120868892753,5084.008480672009,2312.49375004952,-4624.78032646253
27592.94636355975,-4556.740691930091,4517.774556378916,2613.151709003899,-5008.127682850834
27592.94752892843,-4476.785037643712,3905.342211687061,2884.814478982988,-5336.502967433168
27592.94869003671,-4349.294185673317,3253.474683895405,3124.665858137352,-5606.563482483707
27592.94984685677,-4175.816347336039,2569.314120143027,3330.254511450423,-5815.623485394462
27592.95099938718,-3958.38647770716,1860.307048077794,3499.513698663302,-5961.672902107345
27592.95214766552,-3699.496591989497,1134.111970501699,3630.781771701188,-6043.394055335722
27592.95329175618,-3402.065442468404,398.5208096222777,3722.813688881298,-6060.166357343414
27592.95443177004,-3069.396627534875,-338.6394865998316,3774.79089234892,-6012.064782009
27592.95556784853,-2705.141458720377,-1069.581141064372,3786.322318081576,-5899.848334592338
27592.95670016783,-2313.254568351457,-1786.63992127866,3757.443027050075,-5724.942829676324
27592.95782892207,-1897.954472491886,-2482.34331532866,3688.608960273688,-5489.420282206711
27592.95895436049,-1463.662919792908,-3149.508366678891,3580.684681327746,-5195.961645597795
27592.96007672983,-1014.978069314592,-3781.276928660285,3434.93320965253,-4847.834085994544
27592.96119633095,-556.6040691325344,-4371.214727660948,3252.993134803659,-4448.836288275914
27592.96231350267,-93.30774265797078,-4913.35857834143,3036.856391633418,-4003.254072762614
27592.96342859167,370.1169098629694,-5402.254268177642,2788.849572469816,-3515.823352012749
27592.96454197078,828.903383733918,-5833.014323795308,2511.604773599356,-2991.672618778001
27592.96565405052,1278.363287940168,-6201.361734082118,2208.026794342277,-2436.262036917381
27592.96676526625,1713.924709247776,-6503.656450946686,1881.264335330202,-1855.33203769584
27592.96787606143,2131.167373911608,-6736.91823984572,1534.682748429941,-1254.855046120868
27592.96898692181,2525.874849737848,-6898.854686926619,1171.820027818836,-640.9592472361496
27592.97009831693,2894.049692785537,-6987.864444323475,796.3711693934035,-19.90250120012433
27592.97121073146,3231.960397295407,-7003.054924261552,412.1441270586337,602.0021291855887
27592.97232465744,3536.170449783339,-6944.244293555188,23.02723903479284,1218.439554766178
27592.97344053589,3803.554112771305,-6811.967604067669,-367.0254361850421,1823.117731269453
27592.97455884392,4031.348572511326,-6607.467718230117,-754.0601712471137,2409.872802994705
27592.97568001986,4217.160080980025,-6332.69112130249,-1134.133165036849,2972.684152421197
27592.97680445734,4358.990774560694,-5990.282213486995,-1503.345109561434,3505.72941823981
27592.97793253911,4455.266422578663,-5583.556879856837,-1857.889194547962,4003.457417552017
27592.97906457345,4504.849943073508,-5116.500815217642,-2194.067790024631,4460.615064530038
27592.98020087152,4507.064168304707,-4593.711798011371,-2508.353314703271,4872.335336729846
27592.98134165362,4461.701440257269,-4020.403164432946,-2797.397290410537,5234.152811133434
27592.98248710204,4369.037183354884,-3402.341785939222,-3058.083079552335,5542.077714812916
27592.98363733451,4229.836832133587,-2745.812804535251,-3287.554939336032,5792.636634579931
27592.98479242259,4045.355958520441,-2057.554849559097,-3483.256767385335,5982.923462320773
27592.98595238395,3817.336453057865,-1344.701979581547,-3642.962251145204,6110.637674672027
27592.98711715388,3548.004205370702,-614.7336213956223,-3764.801999638669,6174.119176295905
27592.98828663379,3240.045120809695,124.6295087408748,-3847.297681425549,6172.384569820238
27592.98946063136,2896.599413086105,865.4681195098738,-3889.380848430073,6105.149873743706
27592.99063893752,2521.214766332515,1599.797892959811,-3890.418067244311,5972.846816187313
27592.99182126605,2117.83046303324,2319.620269057225,-3850.222744060043,5776.632715168842
27592.99300729445,1690.726909620762,3017.039481351842,-3769.066196754139,5518.387019234859
27592.99419666145,1244.481730845685,3684.352986673499,-3647.680515764453,5200.699409767335
27592.99538894065,783.9311694802229,4314.129874324268,-3487.260440370634,4826.858468286289
27592.99658370725,314.0913883013131,4899.338531384397,-3289.44795253638,4400.803421863584
27592.99778048473,-159.8783576601964,5433.405269457795,-3056.324436412552,3927.100659218596
27592.99897879789,-632.7562629803782,5910.322969453749,-2790.381798701625,3410.877126457149
27593.00004669423,-1048.65565332834,6282.507908947469,-2528.285303443716,2919.994507629677
