DefaultSC.A1ModJulian,DefaultSC.EarthMJ2000Eq.X,DefaultSC.gse.X,DefaultSC.gse.Y,DefaultSC.gse.Z
27592.00004669423,2934.611560697424,-1915.830054374657,-2284.028026109642,6573.645197202277
27592.00074113868,2736.912247220473,-1486.847575529193,-2302.453722988114,6689.052047113233
27592.00182074419,2409.292537316147,-809.4099842371288,-2313.788608273274,6817.995670709713
27592.00297795375,2033.918393072426,-75.33136752437213,-2302.613535108289,6887.321970915893
27592.00414808609,1632.955928941108,667.6583849453177,-2267.073515530782,6884.772413370444
27592.00532365293,1212.855434245028,1406.970631659658,-2207.374742116445,6809.199800829469
27592.00650358777,778.3478071054006,2134.064694768534,-2124.06532143248,6661.051856333626
27592.00768750156,334.1254724566649,2840.92991335738,-2017.952900828746,6441.631081313195
27592.00887504343,-115.0016720539481,3519.770906977381,-1890.103723142454,6153.047806275648
27592.01006582147,-564.132367012036,4163.050475867585,-1741.837192514298,5798.209845775275
27592.01125940305,-1008.330380147992,4763.58215737776,-1574.714063398526,5380.799933904474
27592.01245534707,-1442.694277818132,5314.635188990704,-1390.516338965159,4905.229978622201
27592.01365318646,-1862.408810432507,5810.008082998639,-1191.230345063156,4376.60041270125
27592.01485242304,-2262.801369999759,6244.106324527251,-979.0263333381931,3800.649671935487
27592.01605255857,-2639.40975249375,6612.026665159178,-756.2288488262391,3183.676853408839
27592.01725308819,-2988.034136534112,6909.616009597333,-525.2907045924471,2532.471614827069
27592.01845352224,-3304.794483312804,7133.528854385972,-288.7598795973564,1854.222618678836
27592.01965338403,-3586.175629615283,7281.265373581608,-49.24948925133276,1156.432474130377
27592.02085218773,-3829.064775043452,7351.200021526115,190.588922234637,446.8413056541681
27592.02204950383,-4030.802095590082,7342.605185352126,428.1100663555465,-266.7042945923565
27592.02324489628,-4189.197746262226,7255.652159293279,660.6938773507205,-976.3083418031795
27592.02443798019,-4302.565810213997,7091.405555616246,885.7877909794429,-1674.15335940078
27592.02562839962,-4369.736310377251,6851.803457184225,1100.931929245677,-2352.578986695523
27592.02681581239,-4390.065863811435,6539.633897236669,1303.784835675813,-3004.162739450911
27592.02799994414,-4363.442692837722,6158.482502605154,1492.159283477969,-3621.834960581016
27592.029180536,-4290.281123004832,5712.695515428475,1664.037131519872,-4198.928787075819
27592.03035738384,-4171.511152784441,5207.310320519411,1817.597181956815,-4729.27358642334
27592.03153029294,-4008.566282885812,4648.008832712166,1951.227900028097,-5207.239811550043
27592.03269912753,-3803.357396194185,4041.025416484341,2063.550194111766,-5627.820283483664
27592.03386379622,-3558.245091174195,3393.073714005333,2153.427553734899,-5986.67091530733
27592.03502422477,-3276.013812260786,2711.281026209291,2219.973925485992,-6280.143584639592
27592.03618038877,-2959.829468802564,2003.086521792992,2262.563354400801,-6505.329253855899
27592.03733229081,-2613.204777561384,1276.167895681201,2280.832184432109,-6660.07481732577
27592.03847997613,-2239.952234380461,538.3447935863064,2274.680360793692,-6743.000415953177
27592.03962353871,-1844.135705994481,-202.51241268185,2244.268073700443,-6753.501998589501
27592.04076307133,-1430.040700755505,-938.535667664938,2190.011992584744,-6691.747373231669
27592.04189871622,-1002.109226643164,-1661.975593340228,2112.577081674317,-6558.667658306667
27592.04303065848,-564.8919222966998,-2365.2775775814,2012.865183377229,-6355.933458840331
27592.04415909522,-123.0107812829493,-3041.138987922872,1892.004967653316,-6085.932514453628
27592.04528426217,318.8997007046447,-3682.598470796687,1751.335456874943,-5751.732432472669
27592.04640643304,756.2402386432585,-4283.101628747369,1592.388816993732,-5357.037939834847
27592.0475259085,1184.488610183705,-4836.555377087619,1416.873399838105,-4906.147304673536
27592.04864301631,1599.244023160119,-5337.383281065548,1226.654451403742,-4403.901860499329
27592.04975811264,1996.269673082733,-5780.57478941506,1023.733399346285,-3855.630406624881
27592.05087159244,2371.535483346318,-6161.729991517806,810.2243569135558,-3267.084623809738
27592.05198386422,2721.245410179258,-6477.084260791797,588.3368581891876,-2644.390423716739
27592.05309537606,3041.879094497496,-6723.544391034747,360.348659882588,-1993.971055427611
27592.05420657444,3330.209284063155,-6898.699218690157,128.59180873276,-1322.506524939325
27592.05531795719,3583.342897317898,-7000.844510439226,-104.5803498024909,-636.837776803126
27592.05642999218,3798.724234944448,-7028.980892255167,-336.7980185252143,56.0483584935032
27592.05754318862,3974.172538659951,-6982.825890706404,-565.7112896363711,749.1267843241735
27592.05865802656,4107.886064076679,-6862.810845958054,-788.9965708171537,1435.354065025463
27592.0597749881,4198.464540032664,-6670.078232988019,-1004.383983010741,2107.751218586435
27592.06089453781,4244.919644285865,-6406.473872700124,-1209.673878315147,2759.454564095191
27592.06201710955,4246.686180589647,-6074.537988458555,-1402.754831902827,3383.771152939215
27592.06314310377,4203.631940372594,-5677.490240087256,-1581.623583656764,3974.240873063981
27592.06427288913,4116.063764222804,-5219.206832439651,-1744.405159494774,4524.700172129802
27592.06540678475,3984.73166297538,-4704.199548800667,-1889.369648320771,5029.335490333912
27592.0665450631,3810.829070797728,-4137.582058987453,-2014.951843997434,5482.747015848181
27592.06768794375,3595.989714470994,-3525.033188973548,-2119.768736167173,5880.006395726679
27592.06883559122,3342.280047089627,-2872.751988171062,-2202.636609834811,6216.714376676582
27592.06998809998,3052.190598272369,-2187.413822592554,-2262.586308468222,6489.052787447792
27592.07114552178,2728.612332342681,-1476.094743618389,-2298.879473173709,6693.843713838394
27592.07230784181,2374.81971653771,-746.2187309298379,-2311.01935918278,6828.589289532278
27592.07347497866,1994.444361134199,-5.485671656194882,-2298.761874046524,6891.514721863839
27592.07464679164,1591.440711352378,738.2117690412035,-2262.123851481967,6881.60447990894
27592.07582308578,1170.046808897971,1476.875131485168,-2201.387866181959,6798.628575155484
27592.0770035959,734.7479080290316,2202.478342791449,-2117.105281859172,6643.162308876067
27592.07818803945,290.2104511390203,2907.091254738296,-2010.091237019185,6416.587864835667
27592.07937605738,-158.746683666312,3582.935770345533,-1881.423815925098,6121.099350386125
27592.08056725578,-607.2211692039285,4222.504697715388,-1732.432940637007,5759.685361628224
27592.08176120062,-1050.281664106034,4818.650538176363,-1564.688745695411,5336.10590148565
27592.0829574455,-1483.035927781292,5364.687926703569,-1379.982045056712,4854.847342223515
27592.08415551579,-1900.682960449333,5854.468382546205,-1180.307288566237,4321.081101319148
27592.08535493146,-2298.578745951217,6282.46755165487,-967.8370298124776,3740.598472512477
27592.08655517742,-2672.282909631948,6643.845018214813,-744.9026171753451,3119.760429215658
27592.08775575427,-3017.629995431754,6934.524607413494,-513.9582941320658,2465.400342475046
27592.08895616575,-3330.775341168885,7151.239207045519,-277.5541696010412,1784.748553314462
27592.09015592648,-3608.243654415016,7291.57260637802,-38.3043574688154,1085.342033152381
27592.09135457925,-3846.973789021707,7353.988804480004,201.1477180402615,374.9238542822936
27592.09255167613,-4044.349850265274,7337.84595523229,438.1570962861654,-338.6386199240642
27592.09374678977,-4198.234214971509,7243.403816932473,670.1110070322161,-1047.4542782992
27592.09493953155,-4306.992991016656,7071.81491525831,894.4632617366566,-1743.712966442208
27592.09612956486,-4369.511012119711,6825.099343954886,1108.766004699099,-2419.784436691441
27592.09731654767,-4385.197704486357,6506.125865388371,1310.687307688876,-3068.273958042615
27592.098500206,-4353.994121542611,6118.557309968161,1498.050691856039,-3682.148481330967
27592.09968028867,-4276.366397200391,5666.809980337161,1668.850917413595,-4254.789692872195
27592.10085657866,-4153.296585539459,5155.993983873269,1821.277756386198,-4780.073552662868
27592.10202891567,-3986.263002911821,4591.83668639125,1953.737390965882,-5252.44492824861
27592.10319717412,-3777.218712172837,3980.618304365347,2064.864681113515,-5666.963193194511
27592.10436125236,-3528.567133487748,3329.101834311994,2153.535388872382,-6019.348431906368
27592.10552108054,-3243.12997039033,2644.449088729201,2218.877553295718,-6306.026915634863
27592.10667664242,-2924.105008608975,1934.122809078125,2260.279216263195,-6524.16743875967
27592.10782796069,-2575.028155030401,1205.807813246319,2277.390077049076,-6671.69688191137
27592.10897508386,-2199.73459104031,467.3326993980022,2270.121811787227,-6747.311665001605
27592.11011808713,-1802.314176173578,-273.4167261017164,2238.646537506128,-6750.484688299995
27592.11125707046,-1387.065522434329,-1008.581759807415,2183.392446384558,-6681.463438407199
27592.11239220653,-958.4293833526619,-1730.445209451057,2105.032933453562,-6541.252475767768
27592.11352366175,-520.9683991733639,-2431.460382739673,2004.479967338466,-6331.597358832527
27592.11465164037,-79.30222476923643,-3104.356391235764,1882.869986315696,-6054.956135131162
27592.11577638832,361.9430747702841,-3742.211661513228,1741.547931793185,-5714.46099690445
27592.11689818071,798.1777533153279,-4338.512180015259,1582.051569812568,-5313.878747254373
27592.11801732129,1224.894152803485,-4887.211807134514,1406.093501321732,-4857.564557426962
27592.11913414959,1637.713338351241,-5382.789634692301,1215.540471202358,-4350.40718591751
27592.12024902057,2032.419142510775,-5820.28831937328,1012.396237043426,-3797.782358383025
27592.12136233952,2405.00953117892,-6195.368988798626,798.7740093969719,-3205.476983246417
27592.12247451579,2751.716047842693,-6504.326758972408,576.8830118034584,-2579.650583280176
27592.12358598942,3069.046205346808,-6744.128859110216,349.0015996774281,-1926.759322044524
27592.1246972378,3353.813573355133,-6912.433431750175,117.4534318939033,-1253.486658723432
27592.12580872352,3603.150224272035,-7007.595087277979,-115.403639626275,-566.7104610983247
27592.12692094097,3814.542855635079,-7028.682750092865,-347.2089140905583,126.58902753032
27592.12803437433,3985.843686970003,-6975.47933328147,-575.6115575075142,819.367656892586
27592.12914952146,4115.2930212826,-6848.481746002364,-798.2965895139456,1504.595639438525
27592.13026683955,4201.528193882074,-6648.901473128992,-1012.994829617091,2175.287577576742
27592.13138678943,4243.603273968794,-6378.652503465017,-1217.512554521631,2824.593327407277
27592.13250980198,4240.996234786453,-6040.341824217807,-1409.74521261473,3445.840655219529
27592.13363629735,4193.61690344973,-5637.245107392254,-1587.700584995218,4032.608188322303
27592.13476661967,4101.81491522105,-5173.306539161369,-1749.508019315798,4578.75340885365
27592.13590108222,3966.383350556216,-4653.098204927323,-1893.446023294081,5078.501040870809
27592.13703995856,3788.556959242678,-4081.78704449835,-2017.959244942248,5526.498579312985
27592.13818347275,3570.008111500832,-3465.098139685223,-2121.674948766464,5917.870778030278
27592.13933176744,3312.845506107514,-2809.286431970439,-2203.417810736975,6248.267992674999
27592.14048494898,3019.593031030859,-2121.059247110994,-2262.230204779944,6513.937376198371
27592.14164304937,2693.180033688958,-1407.537077751354,-2297.383580052424,6711.762343303185
27592.14280603141,2336.918997040597,-676.1846584378432,-2308.392455697276,6839.313719915596
27592.14397381869,1954.468450304758,65.28155002114727,-2295.024999610651,6894.893647140726
27592.14514624724,1549.815135596549,808.9423189745426,-2257.310694605841,6877.565073703293
27592.14632313334,1127.213589323175,1546.802779400854,-2195.543989010189,6787.179237557414
27592.14750421004,691.1650519290798,2270.840437365152,-2110.287676309399,6624.392076247721
27592.1486891537,246.3619650740505,2973.114022514615,-2002.371685399874,6390.674656081998
27592.14987761352,-202.3742987369492,3645.874313233236,-1872.885212513337,6088.303797341388
27592.1510692004,-650.1434862150602,4281.649200496302,-1723.168094356683,5720.347049188053
27592.15226348564,-1092.022130542877,4873.334214705185,-1554.798861398858,5290.638349730157
27592.1534600088,-1523.124321376048,5414.285543128234,-1369.578349078805,4803.740616803905
27592.15465828761,-1938.663760768321,5898.40871644175,-1169.509333054509,4264.895794382667
27592.15585785496,-2334.023741349957,6320.24861931583,-956.7677930949731,3679.949880440766
27592.15705818397,-2704.788125543655,6675.031020058131,-733.6912016740125,3055.322842229385
27592.15825877891,-3046.825873669221,6958.757184126192,-502.7356638181993,2397.891746774093
27592.15945914656,-3356.33082184207,7168.241041619545,-266.4515398942675,1714.922019243389
27592.16065880108,-3629.869179858314,7301.149944792636,-27.45223267094036,1013.978614649693
27592.16185728107,-3864.424282008572,7356.03403876331,211.6204305443771,302.8254914363847
27592.16305413763,-4057.428911755545,7332.340201553752,448.1253849430341,-410.660581662527
27592.16424897344,-4206.800181676495,7230.414090464304,679.4613382049374,-1118.607248879769
27592.16544137699,-4310.952725109427,7051.495471343435,903.0846258274877,-1813.201099239881
27592.16663099887,-4368.824945601626,6797.69350506536,1116.553725723958,-2486.824837242798
27592.16781752097,-4379.882410849272,6471.955633217984,1317.551091049479,-3132.12712524896
27592.16900068583,-4344.118915049237,6078.016575170127,1503.913790303058,-3742.121406559188
27592.17018024561,-4262.05143910211,5620.36209884004,1673.64857241158,-4310.236046397977
27592.17135599381,-4134.710352760628,5104.16277071176,1824.958794251499,-4830.403918711911
27592.17252775481,-3963.623198769948,4535.211717200378,1956.261629051858,-5297.122268356241
27592.17369542476,-3750.784828614078,3919.83071475484,2066.207830697164,-5705.524255386748
27592.17485889895,-3498.640388192681,3264.82817096006,2153.686351554163,-6051.398386519239
27592.17601814733,-3210.039080008183,2577.378058534424,2217.840916415497,-6331.253876217566
27592.17717313589,-2888.214609304398,1864.979695749073,2258.07068452623,-6542.327922854272
27592.17832387813,-2536.73425871214,1135.342801119632,2274.037891626126,-6682.623402320618
27592.17947043925,-2159.452347926482,396.2962294639001,2265.666876261419,-6750.917635238845
27592.18061289517,-1760.477618210207,-344.2723183492108,2233.141285544346,-6746.76173352741
27592.18175136593,-1344.115633103097,-1078.522775229466,2176.899143374405,-6670.479329281232
27592.18288600547,-914.8232857139258,-1798.739103340055,2097.624512695536,-6523.151221870399
27592.18401698923,-477.1646147764111,-2497.401270042786,1996.238119416849,-6306.596307262427
27592.1851445418,-35.7511842784263,-3167.278281825429,1873.882333727684,-6023.33816327858
27592.18626888672,404.7869697060543,-3801.469424746318,1731.911504450386,-5676.581145661472
27592.1873903035,839.8712167676138,-4393.504674656564,1571.869371252982,-5270.15506778643
27592.18850911828,1265.016301212072,-4937.395842553397,1395.470220835827,-4808.464875803103
27592.18962566886,1675.860283288226,-5427.671377847606,1204.584483527646,-4296.451578957563
27592.19074032193,2068.212610160893,-5859.433244611655,1001.216161432086,-3739.531378093333
27592.19185348111,2438.095218351892,-6228.399190134268,787.4798577499255,-3143.531725800136
27592.19296556468,2781.770205011346,-6530.927374457287,565.5831154935776,-2514.641102772497
27592.19407702557,3095.778680485855,-6764.049244809303,337.8006132446335,-1859.33533968886
27592.195188319,3376.960351588939,-6925.481742396125,106.4586593564636,-1184.332280500633
27592.19629991636,3622.48477772944,-7013.64706999756,-126.0894207731368,-496.5200169636587
27592.19741232026,3829.876701718661,-7027.680088642249,-357.4882111615405,197.1173760973425
27592.1985260011,3997.023763478679,-6967.429617946143,-585.3883132449939,889.5243269906371
27592.19964145229,4122.205646058977,-6833.460177558594,-807.4789514355608,1573.671816129297
27592.20075914131,4204.101428625362,-6627.048000589515,-1021.498724424812,2242.590462439732
27592.20187951939,4241.805338769164,-6350.173091968339,-1225.258345972402,2889.440129060034
27592.20300302184,4234.836718140104,-6005.504089888405,-1416.660867899369,3507.572853201517
27592.20413004145,4183.147766905722,-5596.387131797756,-1593.717021453253,4090.580598804276
27592.20526092009,4087.131649084231,-5126.828674142118,-1754.564474932537,4632.355524675612
27592.20639598908,3947.621298665455,-4601.449597883236,-1897.492970381798,5127.171479915452
27592.20753550445,3765.893528883677,-4025.476907918926,-2020.953831219182,5569.713841894808
27592.20867967268,3543.66355033934,-3404.693977788349,-2123.582385497621,5955.153310379843
27592.20982864263,3283.077315034326,-2745.396960252352,-2204.214313751101,6279.20065768487
27592.21098249977,2986.699881457686,-2054.344240021704,-2261.901432352755,6538.160627056561
27592.21214127755,2657.4945076591,-1338.688672618215,-2295.926736694963,6728.985716770076
27592.21330492539,2298.808725146915,-605.929579378605,-2305.816077437049,6849.317375266242
27592.21447334741,1914.335482238338,136.1851856774729,-2291.34994974328,6897.533687221514
27592.21564639437,1508.080925355029,879.734724592847,-2252.569966154229,6872.778268097238
27592.21682385751,1084.3280122675,1616.705751518291,-2189.783514709251,6774.984311740315
27592.21800547285,647.5921764676183,2339.083927589473,-2103.565427163981,6604.890935042225
27592.21919091774,202.5754472013173,3038.943513325886,-1994.756899190782,6364.051017389357
27592.22037984135,-245.8961323081813,3708.558541403216,-1864.45758945242,6054.82114755648
27592.22157183639,-692.9161495975594,4340.47894972849,-1714.019314899695,5680.352009284472
27592.22276646548,-1133.56431298389,4927.637573688369,-1545.031235696752,5244.556945403762
27592.22396327689,-1562.970050847971,5463.444772956342,-1359.301229850137,4752.067498904208
27592.22516178324,-1976.362903023777,5941.860903036539,-1158.839703743741,4208.193512227022
27592.22636149214,-2369.141207271003,6357.486865318873,-945.8327469670564,3618.853376716998
27592.22756190449,-2736.927082490944,6705.630513309866,-722.6171416412838,2990.50685110782
27592.2287625297,-3075.624029085556,6982.369444017248,-491.6502607253462,2330.072037305014
27592.22996283827,-3381.454300947368,7184.591310779964,-255.4903186946364,1644.870692026404
27592.23116239529,-3651.039216255096,7310.05627983308,-16.73984906854787,942.4656724252841
27592.23236070426,-3881.399245392577,7357.39603687848,221.95489585436,230.6587068204512
27592.23355732419,-4070.01812018161,7326.147190698823,457.9585789109438,-482.6700784275506
27592.23475185458,-4214.864145353133,7216.744760133199,688.675095928067,-1189.648414440001
27592.2359439242,-4314.408549606855,7030.510182767055,911.5756508227504,-1882.498086176216
27592.23713315592,-4367.639548696968,6769.639374785181,1124.221851080372,-2553.606151835394
27592.23831924717,-4374.076862108215,6437.157489997105,1324.3086266419,-3195.659815979664
27592.23950192809,-4333.767411882117,6036.879891456022,1509.681816877992,-3801.704372022989
27592.24068096854,-4247.279943235872,5573.3587816315,1678.362828654755,-4365.224133633184
27592.24185616577,-4115.694395568479,5051.828599514431,1828.567951839585,-4880.207433008376
27592.24302737495,-3940.580939669926,4478.125748882336,1958.730619373623,-5341.223567490303
27592.24419445976,-3723.98300591271,3858.638377058233,2067.510872386119,-5743.45759769228
27592.24535735106,-3468.380005851023,3200.199450871133,2153.814234037467,-6082.78028934255
27592.24651600517,-3176.660440065459,2510.025219227006,2216.796289126353,-6355.769532944747
27592.24767040188,-2852.08729302206,1795.633684925836,2255.869945900655,-6559.742224567731
27592.24882057369,-2498.249802945813,1064.7405795412,2270.710004578465,-6692.780736655865
27592.24996657236,-2119.029292303205,325.1929904962344,2261.252155633999,-6753.738046029299
27592.25110849387,-1718.54622440726,-415.1325431737137,2227.690889895754,-6742.243855987734
27592.25224643498,-1301.128142572294,-1148.387127969057,2170.475570284065,-6658.699741151966
27592.25338056098,-871.2370965570772,-1866.876384167212,2090.300147639635,-6504.263572002532
27592.25451106403,-433.4347663802615,-2563.11255103638,1988.09309935931,-6280.82554276275
27592.25563815363,7.662271125526686,-3229.88432691822,1865.006264074372,-5990.982993960723
27592.25676208747,447.4428234633923,-3860.346260329267,1722.397052111583,-5637.997633984474
27592.25788314067,881.3363608276951,-4448.065646965894,1561.814912893433,-5225.76040729889
27592.25900162779,1304.867156107897,-4987.094375029243,1384.980476494785,-4758.737302513918
27592.26011789854,1713.695856069865,-5472.01804936188,1193.766047229667,-4241.916455610477
27592.26123232194,2103.654478020235,-5897.994799675135,990.1777142282622,-3680.758845294863
27592.26234530679,2470.791834165504,-6260.802902752559,776.3305251127836,-3081.129152857489
27592.26345728166,2811.401272820509,-6556.864558727044,554.4302660365151,-2449.243597650074
27592.26456868736,3122.051018295804,-6783.271525930164,326.7533169398541,-1791.612183053068
27592.2656800088,3399.621767363704,-6937.81083193947,95.61816551795914,-1114.955840696115
27592.26679170674,3641.314410591662,-7018.96677980286,-136.6223034462954,-426.1832011389456
27592.26790427385,3844.688197925337,-7025.939737386751,-367.6139670484139,267.707175579033
27592.26901820185,4007.672324484688,-6958.644151277114,-595.0159576384838,959.6709260343039
27592.27013397054,4128.582676226499,-6817.70949826202,-816.5194158509021,1642.674470870603
27592.27125203718,4206.137540922768,-6604.478889582758,-1029.866409931849,2309.75238194929
27592.27237285492,4239.472452715018,-6320.996740718428,-1232.874198380531,2954.082118477111
27592.27349685245,4228.147988963307,-5969.996347408977,-1423.451403018001,3569.034433058991
27592.27462442388,4172.157777968957,-5554.884265622632,-1599.616281062998,4148.230458682357
27592.2757558977,4071.937149286943,-5079.730571020963,-1759.512328943302,4685.590058793226
27592.27689159573,3928.361519332353,-4549.216631460505,-1901.436678659035,5175.423685272379
27592.27803176533,3742.750107274746,-3968.626985730913,-2023.849063085086,5612.460533735188
27592.27917660652,3516.859409266899,-3343.797607723699,-2125.394256022464,5991.922389162589
27592.28032624612,3252.879104078418,-2681.081785799326,-2204.917103572339,6309.573077933861
27592.28148078567,2953.407494290572,-1987.267719508391,-2261.481929339831,6561.786772711503
27592.28264023541,2621.447887861885,-1269.554619342747,-2294.382193644819,6745.580034234854
27592.28380455442,2260.376194975785,-535.4615305508032,-2303.155935531489,6858.669189153384
27592.28497363231,1873.917212823517,207.236436737041,-2287.595357164572,6899.506820242473
27592.28614731449,1466.102566587886,950.6046152178797,-2247.754216934796,6867.315505571644
27592.28732537741,1041.239897759537,1686.618382568519,-2183.952613537285,6762.110505116192
27592.28850754855,603.8626464876199,2407.265087033858,-2096.778112631016,6584.715228889354
27592.28969351874,158.6774337174105,3104.642803217082,-1987.082270044446,6336.762444897668
27592.29088291068,-289.475541845782,3771.034586719468,-1855.977983818204,6020.695062353734
27592.2920753222,-735.6931314857882,4399.027221473004,-1704.826827245804,5639.741971131847
27592.29327030505,-1175.058093598745,4981.590413775611,-1535.228592634266,5197.895835592568
27592.2944674086,-1602.713139798061,5512.186029720664,-1348.999173044436,4699.859289676921
27592.29566614254,-2013.905314012153,5984.831675921723,-1148.156235064184,4151.009165437781
27592.29686601637,-2404.057548721823,6394.194289850262,-934.8909106237588,3557.322138468108
27592.29806652439,-2768.819044554486,6735.651158175821,-711.5450605715721,2925.313271817246
27592.29926716055,-3104.123499870993,7005.354362148546,-480.5814598507054,2261.953626250364
27592.30046743247,-3406.242299502922,7200.281530327304,-244.5518622607971,1574.579849070711
27592.30166686158,-3671.828721202211,7318.271025381116,-6.06641085910951,870.8059587776615
27592.30286498025,-3897.95713060469,7358.047069061933,232.2370012758208,158.4337792286633
27592.30406136092,-4082.16221915818,7319.233552882476,467.7299921004369,-554.6578912092518
27592.30525559003,-4222.46103352467,7202.353018838006,697.8196744401242,-1260.591922409076
27592.30644730077,-4317.378370200176,7008.813772970486,919.985427028974,-1951.605340438829
27592.30763613001,-4365.956920329779,6740.893512884046,1131.800065557368,-2620.115281989536
27592.30882177716,-4367.769298041556,6401.696569062396,1330.96852579088,-3258.840704532646
27592.31000398426,-4322.914344426717,5995.109738813704,1515.349193506762,-3860.872027842452
27592.31118250606,-4232.012737973904,5525.761041099077,1682.972742223563,-4419.732917738342
27592.31235716847,-4096.191496493084,4998.937823988252,1832.071753978073,-4929.479210968934
27592.31352779995,-3917.071073988074,4420.54644895031,1961.089190605776,-5384.729344874594
27592.31469429935,-3696.733906693694,3797.008535720644,2068.702289494222,-5780.748526654204
27592.31585660641,-3437.696770499494,3135.193304202527,2153.829900423028,-6113.478850906557
27592.31701467173,-3142.885144542481,2442.35391046338,2215.639827922229,-6379.568942596555
27592.31816847768,-2815.593620188415,1726.032976198682,2253.557951342837,-6576.412480946232
27592.31931805954,-2459.43857312406,993.9623174864041,2267.271781085749,-6702.170608649905
27592.3204634763,-2078.32235202639,253.9938298795687,2256.729230393579,-6755.776308206339
27592.32160482812,-1676.382328133116,-485.9976777899669,2222.136194795661,-6736.938395044694
27592.32274223656,-1257.950245496349,-1218.186434317465,2163.951392479546,-6646.13432449788
27592.32387585131,-827.5019688229437,-1934.882620914906,2082.878806631853,-6484.597474961528
27592.32500586378,-389.6031595819895,-2628.620357879872,1979.856049965399,-6254.29224459685
27592.32613248944,51.13311246784253,-3292.221680235447,1856.042577091161,-5957.885893220789
27592.32725599554,490.1053775861425,-3918.882749342471,1712.801611797901,-5598.703990511607
27592.32837666042,922.7548408100616,-4502.214416258943,1551.687838818311,-5180.697936181319
27592.32949480271,1344.622040882768,-5036.317756172863,1374.425847886725,-4708.388632144882
27592.33061077597,1751.387695111548,-5515.831904107701,1182.890762641039,-4186.813516437957
27592.33172496054,2138.91000231532,-5935.974977838561,979.0889475277247,-3621.473011331485
27592.3328377542,2503.259439282037,-6292.580056982498,765.1387397359749,-3018.276454413463
27592.33394960099,2840.762951801069,-6582.136187700151,543.2432412089202,-2383.464679517043
27592.33506095218,3148.02236069687,-6801.800071526612,315.6758804095772,-1723.567659683848
27592.33617227048,3421.945513576949,-6949.41949798959,84.75806454584199,-1045.339670922648
27592.33728404266,3659.775090647382,-7023.548599774018,-147.1652111445517,-355.687357596435
27592.33839675221,3859.104651384179,-7023.452426337732,-377.7412118578937,338.377717053412
27592.33951088325,4017.900603883294,-6949.112519676555,-604.6315785629777,1029.805273592803
27592.34062692685,4134.519929914933,-6801.223878453628,-825.5345448367507,1711.573807209974
27592.34174533938,4207.720471456911,-6581.193966888202,-1038.197362180141,2376.72837014776
27592.34286657027,4236.677712833523,-6291.130927652195,-1240.442518506518,3018.46109741296
27592.34399103312,4220.993155435235,-5933.834531992222,-1430.182641971965,3630.157356533737
27592.34511911558,4160.702788963348,-5512.775101347913,-1605.442515427846,4205.464660228155
27592.34625114601,4056.284002536819,-5032.081741084831,-1764.373869756672,4738.338778238238
27592.34738743302,3908.655035309118,-4496.497313956907,-1905.280902852614,5223.125896741948
27592.34852822464,3719.175952974718,-3911.358412139427,-2026.633020577583,5654.603468619211
27592.34967369943,3489.646961038987,-3282.560518534487,-2127.083117285278,6028.039409910431
27592.3508239988,3222.293078217105,-2616.49220050297,-2205.488105527239,6339.261554062661
27592.351979189,2919.757204266708,-1919.999897921557,-2260.921355617992,6584.699279219989
27592.35313929375,2585.073400489993,-1200.306596860188,-2292.689091036523,6761.442234404041
27592.35430426422,2221.650282247717,-464.9606763571664,-2300.340926033037,6867.278005299361
27592.35547397163,1833.245770957187,278.2339164704267,-2283.681282346686,6900.734514008193
27592.35664826156,1423.914953799781,1021.333338284782,-2242.776395588744,6861.114269380889
27592.35782690877,997.9848852041305,1756.31095720324,-2177.958405480771,6748.513212303606
27592.35900963001,560.0069768707892,2475.155011540311,-2089.827135986608,6563.837135664717
27592.36019609381,114.7053045514561,3169.96699622233,-1979.247586937869,6308.805230106219
27592.36138593667,-333.081424827129,3833.064026520628,-1847.342419162148,5985.938954280867
27592.36257872899,-778.4418096918155,4457.052749605713,-1695.486504184456,5598.553886159108
27592.36377404388,-1216.474394185691,5034.957717860611,-1525.286109601373,5150.711363992625
27592.36497141839,-1642.330765620979,5560.285692034047,-1338.566532375363,4647.188334966728
27592.36617036068,-2051.276508999465,6027.112582856726,-1137.352265303259,4093.42721199166
27592.36737035782,-2438.751988025824,6430.164075766399,-923.8436947428481,3495.474530613928
27592.36857092589,-2800.443817909156,6764.898449790174,-700.3827162588229,2859.886431121606
27592.36977155013,-3132.317972010122,7027.543206709444,-469.435838934476,2193.681610280751
27592.37097175527,-3430.689533798081,7215.161040911707,-233.551989925573,1504.221328579061
27592.37217105153,-3692.2516881907,7325.672681323578,4.657643336010551,799.1509449553291
27592.37336898269,-3914.127439643565,7357.889900633167,242.56013862527,86.28122982585228
27592.37456510975,-4093.898421541598,7311.524055278415,477.5291152248221,-626.4961727275897
27592.37575902439,-4229.634322406999,7187.186274301858,706.9785898474773,-1331.311020143272
27592.37695036082,-4319.913329943237,6986.372081041162,928.3955127633561,-2020.414501738415
27592.37813878055,-4363.833087780107,6711.438255256819,1139.365853396611,-2686.260697524291
27592.37932396687,-4361.01859087017,6365.572354678869,1337.601425801378,-3321.591069335665
27592.38050567957,-4311.621352657962,5952.731608573627,1520.97446647638,-3919.545676947241
27592.38168367734,-4216.312660302237,5477.611974670994,1687.52780805673,-4473.697536174975
27592.38285778995,-4076.268064181192,4945.562436521266,1835.506822430485,-4978.158578969861
27592.38402787045,-3893.150562944424,4362.533604940713,1963.369878020721,-5427.617082075643
27592.38519380453,-3669.087024605325,3735.001744911907,2069.805297675136,-5817.397366276906
27592.38635551593,-3406.638337775308,3069.887418484271,2153.744209278612,-6143.507689651943
27592.38751297751,-3108.762316789326,2374.465699932149,2214.369933472659,-6402.678607492006
27592.38866618444,-2778.782151977674,1656.296594161023,2251.12202249473,-6592.382964177796
27592.38981517666,-2420.339966211983,923.1255226818012,2263.700518882157,-6710.859810673979
27592.39096000408,-2037.36386582665,182.8186015752026,2252.065559136174,-6757.120438564601
27592.3921007938,-1633.999998489746,-556.7666952403924,2216.434156698884,-6730.952979783339
27592.39323765817,-1214.596023750215,-1287.806546015552,2157.275672786087,-6632.911556395783
27592.39437075543,-783.6326276298217,-2002.632288339974,2075.303421637166,-6464.304345145676
27592.39550028605,-345.6749823524814,-2693.806518494982,1971.462894399184,-6227.166423787569
27592.39662647346,94.66873840874297,-3354.185369392133,1846.920094961981,-5924.231401788845
27592.39774956545,532.7957747458476,-3976.989855522596,1703.047146560674,-5558.89578450573
27592.39886985833,964.1651733921581,-4555.883473719157,1541.402319319189,-5135.167171965159
27592.39998766905,1384.331941374624,-5085.014044882972,1363.714947569842,-4657.623241882515
27592.40110336081,1788.999478354721,-5559.077473539077,1171.861977321075,-4131.347881975378
27592.4022173202,2174.050742168261,-5973.350053457671,967.8507858693467,-3561.882755622491
27592.40332995127,2535.583948132032,-6323.725518622084,753.7995230091319,-2955.171900629879
27592.4044416981,2869.954381981587,-6606.753647305442,531.9112846251377,-2317.487898281003
27592.40555300821,3173.79396908382,-6819.653800055809,304.4594105461393,-1655.388815501281
27592.40666435281,3444.04634164428,-6960.340446669881,73.76183940898272,-975.6434795064456
27592.40777620949,3677.987486797635,-7027.432841101541,-157.8370947601045,-285.177444879942
27592.4088890694,3873.249955997193,-7020.2636058533,-387.9896236240905,408.9954897717892
27592.41000342916,4027.840015705728,-6938.879311521398,-614.3640061778349,1099.832088360872
27592.41111975056,4140.150138544142,-6784.043243910429,-834.6573224349763,1780.298153986461
27592.41223851065,4208.981057859548,-6557.22605625865,-1046.626401743009,2443.462951430034
27592.41336013373,4233.548130779551,-6260.605685925899,-1248.095188086455,3082.521634279092
27592.41448504325,4213.495468296372,-5897.043265628143,-1436.985098122575,3690.889541271713
27592.41561361165,4148.901698602305,-5470.075555977778,-1611.326059917628,4262.236499771343
27592.41674617231,4040.286283118867,-4983.888875289816,-1769.2789862874,4790.557581346581
27592.41788301898,3888.610634446752,-4443.288178951364,-1909.155064342059,5270.23478759723
27592.41902438199,3695.279271698775,-3853.671792286201,-2029.431791942469,5696.088325910916
27592.42017046359,3462.128263013416,-3220.970697401749,-2128.774985619789,6063.449691517264
27592.42132138342,3191.424417234439,-2551.62729312487,-2206.050201148348,6368.198595681
27592.42247720557,2885.846981817712,-1852.526095049121,-2260.341954022384,6606.828558810021
27592.42363793429,2548.468668894765,-1130.932551300215,-2290.967433101913,6776.495020227668
27592.42480351753,2182.729766958465,-394.4209422171416,-2297.488588251038,6875.059699331188
27592.42597383871,1792.41079576195,349.196388590778,-2279.721762216794,6901.127387793616
27592.42714871409,1381.599144717835,1091.948685706827,-2237.745550593077,6854.078323646771
27592.42832791243,954.6426590601843,1825.805607224672,-2171.904754704113,6734.090803866286
27592.42951114059,516.1101460357373,2542.758239628252,-2082.811958791884,6542.154687600863
27592.4306980676,70.73403500301724,3234.926309493263,-1971.34375200213,6280.071512989141
27592.43188832282,-376.6412222075384,3894.649454514487,-1838.63430091571,5950.444872683774
27592.43308147757,-821.1071088764472,4514.570220725632,-1686.068317631837,5556.66803664718
27592.43427709117,-1257.765263556322,5087.750032231081,-1515.262887993687,5102.881462616022
27592.43547469618,-1681.77975002915,5607.746452795058,-1328.052120538827,4593.934628015297
27592.43667380246,-2088.436575352851,6068.696686886642,-1126.467056764117,4035.334199356732
27592.43787390418,-2473.203571400215,6465.395786201119,-912.7120777642006,3433.181033673013
27592.43907450097,-2831.79247250281,6793.369754468225,-689.1357974296274,2794.089978298681
27592.44027509417,-3160.209354577731,7048.928988343923,-458.2039518846806,2125.113564513385
27592.44147519534,-3454.805279184417,7229.215720331726,-222.4685533292164,1433.653778659102
27592.44267432051,-3712.318845498826,7332.238062409673,15.46141079447602,727.3770492048593
27592.4438720102,-3929.919758602592,7356.896010882803,252.9551483708868,14.11067383797126
27592.44506785059,-4105.243491979806,7302.989071724582,487.3956581437191,-698.263990153951
27592.44626142241,-4236.408950598498,7171.215259373806,716.2006868959596,-1401.87512640481
27592.44745235297,-4322.047044533449,6963.158044451381,936.8633583935139,-2088.984629495852
27592.44864032616,-4361.310752839727,6681.254122331598,1146.982582423313,-2752.083488121877
27592.44982503657,-4353.877712629294,6328.766253098906,1344.281854330796,-3383.951627966503
27592.45100623128,-4299.951526296511,5909.72952056656,1526.642103569116,-3977.762894074584
27592.45218369208,-4200.253184198086,5428.900509795634,1692.121402637923,-4527.150100864413
27592.45335723981,-4056.007419671827,4891.693991309287,1838.976115426894,-5026.275718474819
27592.4545267283,-3868.924124894857,4304.116893080547,1965.677920588088,-5469.890389265213
27592.45569206322,-3641.170310644263,3672.683931055228,2070.930612235385,-5853.392675081519
27592.45685317092,-3375.345507575611,3004.354172068612,2153.678664120258,-6172.86175227786
27592.45801003746,-3074.439494642044,2306.42677550482,2213.119193138998,-6425.10460505373
27592.45916265692,-2741.806492975757,1586.485917490083,2248.704257178661,-6607.668895027865
27592.46031107375,-2381.113908339148,852.2897770511604,2260.146380146574,-6718.871381930748
27592.46145534583,-1996.309227302258,111.7067409525507,2247.417511508324,-6757.801571173872
27592.46259558268,-1591.562084072861,-627.3949956994859,2210.746480671692,-6724.325651688074
27592.46373191964,-1171.22474108482,-1357.215255771517,2150.612899231691,-6619.075231417494
27592.46486451642,-739.7847383671968,-2070.102710250801,2067.739601661111,-6443.432981539887
27592.46599357942,-301.8075383586973,-2758.647335036082,1963.080304440363,-6199.505026221235
27592.46711933324,138.1013020455707,-3415.736434007201,1837.808585614855,-5890.093474067944
27592.46824202989,575.3474603261787,-4034.630420421527,1693.302785195369,-5518.658667255611
27592.46936198044,1005.40684375981,-4609.042947784327,1531.124576195968,-5089.262753360763
27592.4704795087,1423.85210180282,-5133.171541158896,1353.006215572102,-4606.534254128728
27592.47159496446,1826.400525777094,-5601.757169705754,1160.829950917925,-4075.611963503278
27592.47270874235,2208.960692137503,-6010.135627981526,956.6040961961251,-3502.077925308851
27592.47382126008,2567.661061329565,-6354.263798816546,742.4453182212636,-2891.906519270745
27592.47493294262,2898.879542395744,-6630.747153012635,520.5605284492023,-2251.412478205706
27592.4760442554,3199.285001761544,-6836.873709016425,293.2187215155736,-1587.169251116282
27592.47715566634,3465.853590316963,-6970.621883105563,62.73670766252997,-905.9665591794774
27592.47826765744,3695.897708744881,-7030.677023810751,-168.5447123286928,-214.7400302727879
27592.47938072271,3887.087107526436,-7016.43720302435,-398.2817466053741,479.491755655511
27592.48049533264,4037.462714823977,-6928.016854918991,-624.1414492049339,1169.668844180787
27592.48161196886,4145.460323398074,-6766.245411377216,-843.8299010655666,1848.775254269449
27592.48273108144,4209.919733613187,-6532.664442477008,-1055.104423098881,2509.876331219272
27592.4838531202,4230.100004122813,-6229.512165674709,-1255.80025115029,3146.201010363301
27592.48497848426,4205.686864653175,-5859.719301255242,-1443.841498271057,3751.175536732525
27592.48610753146,4136.803313324578,-5426.89095238325,-1617.263980064208,4318.49439898454
27592.48724062643,4024.009204754098,-4935.260103428522,-1774.241895142839,4842.205797260401
27592.48837802773,3868.310786168252,-4389.701791957492,-1913.090534711067,5316.71861082339
27592.48951998835,3671.150036145002,-3795.65476480241,-2032.299725017882,5736.911516083346
27592.49066668079,3434.40703019958,-3159.11190937392,-2130.542125684553,6098.159232973782
27592.49181823001,3160.385323812644,-2486.554881980088,-2206.69450990903,6396.403617339327
27592.49297468647,2851.802761664026,-1784.912323326313,-2259.851533932524,6628.199677277259
27592.49413604465,2511.767772541999,-1061.485768031495,-2289.341604009531,6790.771189828746
27592.495302249,2143.751576798267,-323.8747842424727,-2294.73846742269,6882.053468538475
27592.49647317618,1751.56302290506,420.0884618342657,-2275.870340697795,6900.727712445479
27592.49764862069,1339.319336922361,1162.41187160764,-2232.828542203761,6846.2545643347
27592.49882836126,911.3828607865277,1895.072370588345,-2165.969684576019,6718.893916161815
27592.50001210014,472.3369500685383,2610.067530836933,-2075.917975090623,6519.717142016862
27592.50119948512,26.92986378449833,3299.522717477089,-1963.56294712457,6250.611145007573
27592.50239012469,-419.983534135592,3955.794167375676,-1830.052287885261,5914.267147897343
27592.5035836237,-863.5104464115252,4571.579676799167,-1676.77711671788,5514.147428582559
27592.50477952765,-1298.756028016498,5139.977313616627,-1505.364825250564,5054.469564823253
27592.50597735129,-1720.892360700286,5654.589416754513,-1317.660108790204,4540.159598938023
27592.50717660755,-2125.226874627029,6109.616063907155,-1115.700483471062,3976.78745591064
27592.50837679591,-2507.254766253381,6499.921936480492,-901.6947754166356,3370.508603008497
27592.50957740944,-2862.716382626771,6821.104444580302,-677.9966012458167,2727.990695148798
27592.51077795483,-3187.654880429926,7069.554085575613,-447.0729890676562,2056.324745970766
27592.51197792889,-3478.457655795543,7242.493772347134,-211.479489453211,1362.95373473045
27592.51317686631,-3731.912010528944,7338.020952351279,26.17956797710747,655.556658505961
27592.51437430953,-3945.234745594038,7355.122612004721,263.2764919530883,-58.02694074917963
27592.51556982918,-4116.108773445626,7293.687224610923,497.1955681207542,-769.9026993866937
27592.5167630328,-4242.708901530057,7154.499821457634,725.3657388144912,-1472.220837885321
27592.517953561,-4323.718923020442,6939.225785791597,945.2898210228607,-2157.266257935254
27592.51914108351,-4358.343303978219,6650.385897358723,1154.572593653702,-2817.546105677423
27592.5203253038,-4346.313204558546,6291.320069151432,1350.948949677446,-3445.878659589901
27592.52150597626,-4287.884195247793,5866.135096011017,1532.311798891157,-4035.483055590584
27592.52268288747,-4183.827531761172,5379.654076841683,1696.731536238263,-4580.043384612987
27592.52385584951,-4035.417981324259,4837.358364795846,1842.475899283615,-5073.774694336803
27592.52502475397,-3844.406249385219,4245.292106721276,1968.033909475395,-5511.505013880274
27592.52618949499,-3613.002786653098,3610.02205318915,2072.1206289617,-5888.693963784172
27592.52735001246,-3343.842984221335,2938.539033524788,2153.694536756022,-6201.495216797282
27592.5285062816,-3039.954038790485,2238.179841672948,2211.964892256517,-6446.786676642952
27592.5296583088,-2704.718036712842,1516.54470240933,2246.397315846943,-6622.195675298403
27592.53080613632,-2341.829439560653,781.4080667847888,2256.716800342069,-6726.117034144854
27592.53194984613,-1955.24942941447,40.6293244319595,2242.907141482921,-6757.720278525098
27592.53308954634,-1549.164222524671,-697.9241128654157,2205.207724713911,-6716.94760237983
27592.53422536455,-1127.940676184246,-1426.456471787046,2144.108790519319,-6604.507469085438
27592.53535747788,-696.0668658442025,-2137.344552357566,2060.341760315891,-6421.855360698641
27592.53648607741,-258.1163167439568,-2823.193105199278,1954.870277336243,-6171.172143101737
27592.53761141357,181.3179456534308,-3476.936270989905,1828.873278641381,-5855.322890734194
27592.53873374446,617.6510771874873,-4091.874393904003,1683.734535681136,-5477.828827705053
27592.53985336471,1046.363977900086,-4661.754881521643,1521.023391161284,-5042.817018240259
27592.54097061098,1463.049831574071,-5180.830375251276,1342.474973944686,-4554.9662216221
27592.54208584473,1863.449510067386,-5643.899199942378,1149.972931571745,-4019.458587365207
27592.54319945858,2243.49347871731,-6046.351673081162,945.5280663618128,-3441.9195523908
27592.54431187162,2599.336577398374,-6384.204124215353,731.2580239198054,-2828.359696624972
27592.54542352382,2927.389893050691,-6654.12708702122,509.3669365086226,-2185.115882325107
27592.54653486345,3224.348285471779,-6853.467273866016,282.1264586928128,-1518.795977382454
27592.54764636594,3487.223756815979,-6980.269981307134,51.85028426213091,-836.2039363036406
27592.54875851647,3713.364848516122,-7033.286493905237,-179.1239412415159,-144.2857219443435
27592.54987179709,3900.476399823594,-7011.981236950272,-408.4532746804638,549.9265184666201
27592.55098668434,4046.639661362577,-6916.536132851691,-633.8101808987992,1239.376755357468
27592.55210366042,4150.330423862394,-6747.846765794851,-852.9057425434486,1917.055749737551
27592.55322318228,4210.429347089164,-6507.51810494801,-1063.504090526988,2576.045284584142
27592.55434566393,4226.23573415224,-6197.86137929948,-1263.440152009312,3209.57230938504
27592.55547151643,4197.47912039116,-5821.869232727241,-1450.647605277213,3811.096011100148
27592.55660111395,4124.32363999293,-5383.201150977353,-1623.172441953191,4374.350449483461
27592.55773479217,4007.372320389837,-4886.15854808784,-1779.192511757469,4893.406252536336
27592.55887280828,3847.67359692465,-4335.672804081315,-1917.032044768195,5362.715894452176
27592.56001540571,3646.711604231664,-3737.238779677822,-2035.189357350722,5777.204033360747
27592.56116275628,3406.405906596868,-3096.896636553072,-2132.347164971586,6132.300654798912
27592.56231496117,3129.103055798697,-2421.183465056719,-2207.391137572309,6424.001996701651
27592.56347207584,2817.555649625266,-1717.061444513113,-2259.427741679873,6648.931555922678
27592.5646341028,2474.902014064432,-991.8563693164415,-2287.796730585641,6804.383902671521
27592.56580095495,2104.651950212841,-253.2099665691831,-2292.082577140431,6888.363943625007
27592.56697249418,1710.64569122595,491.0210034061954,-2272.126088628223,6899.631821344004
27592.56814853056,1297.017319866481,1232.847490253452,-2228.03054820138,6837.729497246687
27592.56932882973,868.1509619445337,1964.239692413904,-2160.164653908349,6702.998470747246
27592.57051307608,428.6491127586694,2677.194753930462,-2069.165538355928,6496.595416751796
27592.57170092589,-16.73573015846567,3363.86276027351,-1955.933481065126,6220.488296338797
27592.57289199218,-463.1485281241204,4016.630190966307,-1821.625897222104,5877.446159653128
27592.5740858551,-905.690837529723,4628.217971824912,-1667.646372381204,5471.015355171172
27592.5752820354,-1339.468327307208,5191.759153549257,-1495.635216436592,5005.498342520894
27592.57648008627,-1759.682379644553,5700.928998942111,-1307.439692686126,4485.876110046611
27592.57767950646,-2161.655858129852,6149.981768410718,-1105.105797874559,3917.786711167908
27592.57887977979,-2540.905087816805,6533.845203061611,-890.8503516590506,3307.449832745232
27592.58008041208,-2893.205981376509,6848.195741987009,-667.0285704173863,2661.575852078251
27592.58128089294,-3214.63320148502,7089.499742230666,-436.1129429693012,1987.305749107414
27592.58248073548,-3501.619486517779,7255.067981450862,-200.6565354467266,1292.10524285756
27592.58367946767,-3750.99501876263,7343.083686858004,36.73611005273995,583.6793100554955
27592.584876644,-3960.026769457379,7352.623087974424,273.4424389546301,-130.1271996165274
27592.58607184491,-4126.448737250807,7283.661998903866,506.8529952693038,-841.4231911645149
27592.58726468494,-4248.487326521514,7137.070651953743,734.4037998155566,-1542.369907112735
27592.58845478389,-4324.877193090061,6914.602951093467,953.6009583450273,-2225.25658912908
27592.58964182761,-4354.878125605285,6618.861056697467,1162.060961391955,-2882.625859063013
27592.5908255344,-4338.274501990164,6253.259618199942,1357.530998211435,-3507.338783168886
27592.59200566114,-4275.373296487876,5821.977497396058,1537.914943595395,-4092.658238051968
27592.5931819908,-4166.9965118492,5329.907217502998,1701.294225188839,-4632.317017563039
27592.59435438654,-4014.460514962576,4782.567764357873,1845.955041810154,-5120.608543245244
27592.5955226975,-3819.565123957844,4186.075223359718,1970.392924777688,-5552.403686365989
27592.59668683342,-3584.560805127854,3547.035796962738,2073.337521472877,-5923.235920637824
27592.59784674589,-3312.118643838075,2872.472369851156,2153.760899905898,-6229.333510995486
27592.59900240797,-3005.300460825384,2169.753405323962,2210.884660228884,-6467.647837592901
27592.60015383465,-2667.516110841737,1446.496279392136,2244.187211529032,-6635.884565843033
27592.60130106458,-2302.486840224831,710.4918683987457,2253.405595866024,-6732.516306925171
27592.60244419572,-1914.189687201926,-30.40486382567587,2238.535317925136,-6756.79238388572
27592.60358333895,-1506.825817447634,-768.3306584432873,2199.826428921303,-6708.732225288676
27592.60471862836,-1084.770925609824,-1495.504052610272,2137.778975915285,-6589.120009169793
27592.60585024362,-652.5185019976806,-2204.321077489747,2053.133481320351,-6399.484777566408
27592.60697837555,-214.6438506221377,-2887.41131782328,1946.862196221493,-6142.079161596583
27592.60810328415,224.2667357638568,-3537.746393060304,1820.150765649189,-5819.834003708626
27592.60922523639,659.639432701277,-4148.669303228286,1674.388315376232,-5436.331029442391
27592.6103445343,1086.969725611328,-4713.9740209819,1511.148361861313,-4995.752466542291
27592.61146151429,1501.866317279272,-5227.960366569584,1332.170196870654,-4502.829785144361
27592.61257653843,1900.089670571883,-5685.478892602715,1139.340623391745,-3962.792563079876
27592.61368999717,2277.592404651373,-6081.975173511913,934.6731943618074,-3381.309744563027
27592.61480231148,2630.556271462327,-6413.52594857742,720.2866298355982,-2764.427650775971
27592.61591392372,2955.422273071176,-6676.864765532671,498.3850167733664,-2118.512389924194
27592.61702528614,3248.918083885797,-6869.403371169858,271.2386342693935,-1450.193748201346
27592.61813686401,3508.087306393409,-6989.25163195045,41.16178872372654,-766.2998943441562
27592.61924915517,3730.317683938882,-7035.229410528013,-189.5128708375135,-73.78068751422961
27592.62036264881,3913.352460306735,-7006.867242813318,-418.447079102356,620.3309280981011
27592.62147780927,4055.309492108786,-6904.413665781903,-643.3147611054352,1308.972282039972
27592.6225951238,4154.705167210764,-6728.830125927354,-861.8327152494593,1985.144394703832
27592.62371504503,4210.460385618439,-6481.7873942278,-1071.769609731083,2641.93976799633
27592.6248379878,4221.915688890126,-6165.660326000952,-1270.966561631443,3272.605328855348
27592.62596436208,4188.841617832351,-5783.503211033572,-1457.363597854855,3870.624927582387
27592.62709453546,4111.443502308518,-5339.036922902493,-1629.01272162684,4429.760295538568
27592.62822883048,3990.36655195247,-4836.625295254427,-1784.097664682415,4944.113181074757
27592.62936751306,3826.698668293719,-4281.249543952871,-1920.952147989163,5408.183148858909
27592.63051079668,3621.968066800741,-3678.469449572456,-2038.079912912834,5816.931919620996
27592.63165884366,3378.135821408386,-3034.377551773182,-2134.172977760069,6165.842961830834
27592.63281175741,3097.585639807595,-2355.551422403493,-2208.127816957242,6450.974954229378
27592.63396957894,2783.108825225001,-1648.997449481489,-2259.06095603895,6669.014224780681
27592.63513229077,2437.882346205595,-922.0833238894202,-2286.323225209321,6817.324128520586
27592.63629981315,2065.443730621192,-182.4685818616522,-2289.511480343313,6893.986912940614
27592.63747198819,1669.665530186158,561.9630733213098,-2268.478786192577,6897.840740338012
27592.63864863626,1254.700086645469,1303.22292039695,-2223.340447172272,6828.508785336016
27592.63982949711,824.9577800337715,2033.267398511264,-2154.478301117671,6686.416797639253
27592.64101426509,385.0497395996848,2744.111327415522,-2062.540897331955,6472.803899707493
27592.642202587,-60.26122110735093,3427.919378100753,-1948.440427159397,6189.721561839589
27592.64339407338,-506.1178085231597,4077.105898947318,-1813.345141353252,5840.019655674879
27592.64458829683,-947.6230630110967,4684.425825192311,-1658.669303346541,5427.32421833541
27592.64578479256,-1379.89789618859,5243.065409994411,-1486.059888690783,4956.005331185654
27592.64698307424,-1798.145158192878,5746.736268087142,-1297.377669947047,4431.128291918487
27592.64818265495,-2197.714581369387,6189.762636444711,-1094.673302421148,3858.389029000032
27592.64938303254,-2574.153728414168,6567.145771916239,-880.1661946519935,3244.055839007588
27592.65058368478,-2923.261674283089,6874.628364115886,-656.2202229984746,2594.901556304189
27592.65178412147,-3241.155911032868,7108.762673044702,-425.306306713974,1918.096315863145
27592.65298385219,-3524.308823097001,7266.941917828552,-189.9786512725385,1221.138292529732
27592.65418240507,-3769.595145984636,7347.435799282154,47.1593134677845,511.7536467486666
27592.65537933713,-3974.330034677646,7349.40889044997,283.4881876754856,-202.2026452608206
27592.65657422986,-4136.297911440828,7272.925814316393,516.4029402334959,-912.8383468330401
27592.65776670849,-4253.778376050235,7118.943668021373,743.3473512859745,-1612.329064286454
27592.65895638691,-4325.55861683882,6889.303211986363,961.8335263742855,-2292.978354198586
27592.66014297234,-4350.952675283139,6586.684724363974,1169.490171405242,-2947.367881440192
27592.66132618269,-4329.796877015671,6214.580109734151,1364.073656088098,-3568.393671294216
27592.66250579603,-4262.448106919435,5777.232924835145,1543.501275354691,-4149.372272138824
27592.66368159015,-4149.777033801991,5279.602939966625,1705.8642110524,-4684.083373457701
27592.66485341313,-3993.149258907651,4727.276652535062,1849.458321656024,-5166.871058523906
27592.66602113184,-3794.407889166545,4126.416569852448,1972.793761988137,-5592.677610058718
27592.66718468204,-3555.839504814728,3483.660473128239,2074.614806454746,-5957.112534200996
27592.66834399727,-3280.156005253436,2806.07862490927,2153.903973907242,-6256.468981670487
27592.66949905365,-2970.452965235456,2101.068324296253,2209.895811792419,-6487.774851022143
27592.67064988077,-2630.16617576286,1376.259979915101,2242.081800804609,-6648.81598871132
27592.67179652966,-2263.037971579754,639.4498932553279,2250.210887545019,-6738.143782335161
27592.67293908134,-1873.071429970938,-101.4908403595996,2234.290021779531,-6755.084833316854
27592.67407766343,-1464.478181181762,-838.7126709835709,2194.580377635541,-6699.738005310499
27592.67521242451,-1041.639459537687,-1564.454358738211,2131.59152024741,-6572.962633718618
27592.67634353839,-609.056851842461,-2271.126601958516,2046.073560167588,-6376.362108444948
27592.67747122449,-171.2958270926708,-2951.401904210377,1939.004615128711,-6112.253791692653
27592.67859571861,267.0513999026561,-3598.26899149901,1811.57982158202,-5783.640494208552
27592.67971730491,701.4255645034674,-4205.119176748096,1665.193000351107,-5394.162524914439
27592.68083628337,1127.333542545053,-4765.789000986953,1501.423315697552,-4948.06099215259
27592.68195300199,1540.404594835009,-5274.632469151613,1322.012627666425,-4450.115542735438
27592.68306781571,1936.416444284328,-5726.549656241041,1128.852138780378,-3905.606368994655
27592.68418111972,2311.346921861105,-6117.04510784933,923.956933452175,-3320.242199884659
27592.68529334029,2661.406047566869,-6442.257059930011,709.4460230199359,-2700.102368600658
27592.68640490795,2983.060796750212,-6698.978699281683,487.5261876194102,-2051.589646812047
27592.68751629037,3273.075544047386,-6884.690407732483,260.4641007038153,-1381.348593804818
27592.68862795866,3528.529043591604,-6997.567711669933,30.57136031989774,-696.2207873448883
27592.68974040109,3746.842467139283,-7036.495432453834,-199.8196563822963,-3.172835421380114
27592.69085410712,3925.796869200647,-7001.071535506063,-428.3737425364455,690.7577939000896
27592.69196955451,4063.550656427836,-6891.610246573754,-652.7712483182595,1378.518342911091
27592.6930872061,4158.65704801247,-6709.141744644847,-870.7284759008148,2053.102714020677
27592.69420753388,4210.079388125605,-6455.399351164882,-1080.02295493274,2707.629260109882
27592.69533093355,4217.198427102609,-6132.826134324913,-1278.497950507312,3335.354129915328
27592.69645783578,4179.825589853703,-5744.531671879186,-1464.103309454496,3929.798752460029
27592.69758858262,4098.207605272917,-5294.304348373296,-1634.893535629756,4484.743246216345
27592.69872349876,3973.030584441575,-4786.564273327857,-1789.060241432354,4994.328845859233
27592.69986282262,3805.426678306582,-4226.359674739514,-1924.941956919025,5453.088138691995
27592.70100677564,3596.963492583747,-3619.297503204728,-2041.052729601512,5856.037734129586
27592.70215551397,3349.641527319763,-2971.519025358754,-2136.093508538099,6198.715013170697
27592.70330912324,3065.885283693014,-2289.652539217756,-2208.969674856054,6477.235402967721
27592.70446764875,2748.519683266471,-1580.73671096489,-2258.808860310915,6688.353006706844
27592.70563105762,2400.757748832743,-852.1769273822524,-2284.972367800022,6829.49904585809
27592.70679924259,2026.174853408804,-111.6715430302647,-2287.068766746833,6898.829422030818
27592.70797206849,1628.661890192898,632.8964267696208,-2264.963417042055,6895.262872773781
27592.70914933469,1212.399302388665,1373.519484240856,-2218.783820415761,6818.502378271693
27592.7103307704,781.8181344128978,2102.150594231306,-2148.924527168016,6669.057298293559
27592.71151606014,341.5451090399183,2810.810860423844,-2056.046924123036,6448.251917866459
27592.71270486039,-103.6539843773779,3491.691867175554,-1941.073926811336,6158.218081291501
27592.71389677096,-548.9167700936971,4137.231512872645,-1805.185442981969,5801.887867608746
27592.71509135068,-989.3457985913719,4740.216574402619,-1649.807528153785,5382.969409678368
27592.71628813806,-1420.073698189546,5293.883085072928,-1476.596038399372,4905.905834187928
27592.71748665563,-1836.322531541454,5792.001834627253,-1287.4182400276,4375.826714515153
27592.71868639555,-2233.456506369984,6228.951344742936,-1084.334750272963,3798.499421607929
27592.71988685898,-2607.051824352455,6599.804970510014,-869.5699299049893,3180.246698171686
27592.72108753379,-2952.943033089984,6900.384226391572,-645.4896224434051,2527.883561027258
27592.72228792473,-3267.282926772428,7127.320062662739,-414.5678641118715,1848.6214851039
27592.72348755756,-3546.588651794105,7278.091613275304,-179.3563129834619,1149.978885646428
27592.72468594633,-3787.775797272028,7351.052341755996,57.53981199912073,439.7102082855204
27592.72588264869,-3988.207592580215,7345.455531569526,293.5037142724796,-274.3192481214983
27592.72707725818,-4145.720468137615,7261.454011473712,525.9367764405949,-984.2237009473974
27592.72826939431,-4258.644904902888,7100.092565456306,752.2871697741233,-1682.184391784503
27592.72945870275,-4325.822812114688,6863.291381283314,970.079728049628,-2360.541657133703
27592.73064486171,-4346.618661601452,6553.817307292348,1176.945776867673,-3011.887866146567
27592.73182762001,-4320.92148596028,6175.231754924865,1370.656153170221,-3629.171927376928
27592.7330067419,-4249.13906444941,5731.854465791895,1549.135796229872,-4205.74671647946
27592.73418202225,-4132.190522524657,5228.705618804158,1710.489293215835,-4735.451405138841
27592.73535329896,-3971.489834158141,4671.436463881318,1853.022647815715,-5212.683286102347
27592.73652045703,-3768.922463858476,4066.254451229413,1975.260344600322,-5632.455790929924
27592.73768341711,-3526.819546615455,3419.851448201525,2075.957740748525,-5990.442085081924
27592.73884213477,-3247.926993431181,2739.323981797474,2154.112284832267,-6283.015742465026
27592.73999659466,-2935.371914774915,2032.093545267269,2208.971592772349,-6507.281877533331
27592.74114682548,-2592.619758179546,1305.812036322121,2240.039533983525,-6661.103455265293
27592.74229289519,-2223.432578697572,568.2775987421942,2247.077496989436,-6743.112131801496
27592.74343488694,-1831.832571467219,-172.6359169018065,2230.103726994566,-6752.712117512478
27592.74457293194,-1422.04535312051,-909.0850830467177,2189.390182977644,-6690.079441859861
27592.74570717651,-998.4635357502177,-1633.318949142027,2125.456925463391,-6556.1500971124
27592.74683781292,-565.5873936281937,-2337.779198181804,2039.062423742584,-6352.598946856373
27592.74796506012,-127.9832402971551,-3015.164095503356,1931.193041420923,-6081.813147486439
27592.74908915318,309.7603108457967,-3658.494873132652,1803.051507867435,-5746.862679363727
27592.75021039343,743.0989909223056,-4261.211140642994,1656.035950632747,-5351.444671518502
27592.75132908151,1167.552372556134,-4817.19309205949,1491.730420962552,-4899.856468791885
27592.75244555493,1578.762217555362,-5320.838443852992,1311.88265141299,-4396.93452888825
27592.75356017772,1972.529982518373,-5767.105189359834,1118.385817801333,-3848.002602980064
27592.75467335609,2344.86081031706,-6151.558531041663,913.2552408611564,-3258.804920325685
27592.75578549867,2691.985658000059,-6470.390812003496,698.6145195572479,-2635.465674993983
27592.75689705373,3010.406835390604,-6720.46340638251,476.6674588156781,-1984.407306097695
27592.75800847514,3296.917025196376,-6899.318478866958,249.6829830092126,-1312.305584601087
27592.7591202553,3548.634674515676,-7005.200781835457,19.96697142249946,-626.0059403090431
27592.76023286943,3763.013697224754,-7037.059805911957,-210.1476883178055,67.50670925120266
27592.76134681965,3937.874807254623,-6994.560208629644,-438.3312726376634,761.1986471784983
27592.76246256114,4071.411879525876,-6878.084251746603,-662.2631193358964,1448.005266132963
27592.76358057128,4162.220233719422,-6688.727815189214,-879.6667807009594,2120.937995473547
27592.76470132012,4209.303125763226,-6428.289030634908,-1088.324234352027,2773.128470433829
27592.76582520773,4212.081787122745,-6099.272692154472,-1286.084886469477,3397.855671664524
27592.76695261435,4170.410127351558,-5704.867130774563,-1470.896270966409,3988.640912688796
27592.76808391985,4084.576495565187,-5248.909650069972,-1640.82648641164,4539.318742620614
27592.76921943045,3955.309269936584,-4735.884464016837,-1794.071861779993,5044.060544447672
27592.77035938486,3783.781333013658,-4170.893656363667,-1928.979281025549,5497.444644692367
27592.77150399075,3571.602049028141,-3559.600863575639,-2044.070126375414,5894.533496437592
27592.77265339052,3320.813507254338,-2908.20070390915,-2138.053954968152,6230.917728816275
27592.77380767695,3033.875498630764,-2223.357711065531,-2209.8471288805,6502.777612309862
27592.77496686545,2713.655186477174,-1512.162711413378,-2258.586585574338,6706.928414711147
27592.77613092795,2363.396691778375,-782.0460974595098,-2283.645780443947,6840.875751123504
27592.77729975937,1986.703092895051,-40.72506977649209,-2284.644964000364,6902.851061979977
27592.77847320442,1587.496475008319,703.8921102760023,-2261.461400584429,6891.850312560186
27592.77965105775,1169.979778846453,1443.790596859331,-2214.235019811385,6807.657939924101
27592.7808330472,738.6007162944745,2170.926664623941,-2143.372471926921,6650.865397780013
27592.78201885455,297.9982096882484,2877.332412764256,-2049.546866872342,6422.878741560522
27592.78320811468,-147.0477581080864,3555.208400253674,-1933.694346199051,6125.915622830868
27592.7844004123,-591.6684925738274,4197.015959293592,-1797.007920912775,5762.99393533802
27592.78559532233,-1030.977682783265,4795.591174516165,-1640.922365378104,5337.895052479765
27592.78679238222,-1460.118293766311,5344.217467464948,-1467.102741334131,4855.134722635936
27592.78799109175,-1874.320936187726,5836.712309866296,-1277.427959296018,4319.920014029304
27592.78919096243,-2268.978852964473,6267.52676208991,-1073.96263770678,3738.071801016501
27592.79039148225,-2639.691510403916,6631.800062878185,-858.9388385363573,3115.973548886798
27592.7915921529,-2982.330335622794,6925.434185811882,-634.7239007360728,2460.479558486994
27592.79279247017,-3293.082679030484,7145.138482644587,-403.795869072727,1778.843808248773
27592.7939919683,-3568.5092167408,7288.47803963988,-168.7055123667914,1078.608475704431
27592.79519016912,-3805.571750664149,7353.893066752382,67.94441550719534,367.5423498115401
27592.79638664231,-4001.682398321862,7340.722962614826,303.5419929338414,-346.4872169441987
27592.79758097029,-4154.724688231518,7249.206639733424,535.4903664814008,-1055.587984785896
27592.79877277495,-4263.080748870757,7080.475172818621,761.2436121396294,-1751.952279236932
27592.79996170933,-4325.645341419428,6836.531864863532,978.3347664578348,-2427.943717553229
27592.80114746101,-4341.835382668185,6520.221844487291,1184.404821483564,-3076.187650207677
27592.80232974899,-4311.592632497956,6135.192977588051,1377.228927645461,-3689.65380658419
27592.80350835761,-4235.377654911061,5685.833549798299,1554.746219651478,-4261.751682957561
27592.80468309436,-4114.159055709811,5177.226026692853,1715.074644808244,-4786.379262766934
27592.80585380578,-3949.397293090644,4615.077479505006,1856.533310200366,-5257.996274184379
27592.80702037394,-3743.023078266591,4005.649452518105,1977.658884814091,-5671.679466350603
27592.80818273656,-3497.405921069227,3355.669710890998,2077.22129155086,-6023.177105064833
27592.80934084691,-3215.32973902213,2672.272670644928,2154.230629518207,-6308.934680664517
27592.81049471001,-2899.949877971695,1962.895965036126,2207.948484991171,-6526.137256196035
27592.81164434968,-2554.761784338011,1235.214185676198,2237.89077277739,-6672.72328496004
27592.81278982203,-2183.556196134623,497.0449059918337,2243.831338342962,-6747.402840576544
27592.81393124672,-1790.363322817301,-243.7582593582711,2225.80045499785,-6749.661357621125
27592.81506875121,-1379.424311134021,-979.3544806110381,2184.08060883957,-6679.750672164761
27592.81620248551,-955.1401756764581,-1702.007838311482,2119.201753766921,-6538.681760392331
27592.81733265716,-522.0102575204556,-2404.189486039416,2031.930353543449,-6328.199402353001
27592.81845947929,-84.60327386453595,-3078.620509296481,1923.261165927227,-6050.76057503836
27592.81958320156,352.5020933858711,-3718.363519722795,1794.402509763758,-5709.49681750843
27592.82070410283,784.7614632130012,-4316.884447384969,1646.761480120813,-5308.174122972405
27592.82182249168,1207.710518322606,-4868.113585480944,1481.926984547812,-4851.146144469392
27592.82293872003,1617.013460385411,-5366.505636827282,1301.649063034021,-4343.296038195977
27592.82405315883,2008.494684027419,-5807.0746952188,1107.822857912511,-3789.990442625769
27592.82516619557,2378.176927237026,-6185.436428319126,902.4693270078517,-3197.024118910268
27592.82627826377,2722.32671375415,-6497.852545094078,687.7088392816244,-2570.543186983144
27592.82738981293,3037.47597222479,-6741.246000702902,465.7451130669936,-1916.997427253483
27592.82850130279,3320.450477555576,-6913.222924386411,238.8452109859389,-1243.081138704685
27592.82961320561,3568.397693860836,-7012.090341018696,9.317737675501917,-555.6682224980705
27592.830726004,3778.809925433828,-7036.866133471091,-220.50810891714,138.2507476898986
27592.83184018577,3949.543845663201,-6987.283250301808,-448.3026884007318,831.6294798713805
27592.83295623588,4078.837111550128,-6863.789675239086,-671.7551947321547,1517.424592711515
27592.83407460888,4165.32195662336,-6667.549095642607,-888.5890076834703,2188.642307250407
27592.83519576543,4208.042789694523,-6400.42820277878,-1096.589624411907,2838.424227635531
27592.83632010263,4206.463689825056,-6064.998723079655,-1293.612117585281,3460.070027285606
27592.83744802383,4160.480054992348,-5664.503815914627,-1477.614545666222,4047.141375202004
27592.83857987246,4070.423318967056,-5202.853270290024,-1646.666236322187,4593.487621383498
27592.8397159608,3937.06391894456,-4684.587222217449,-1798.97270100999,5093.324186311473
27592.84085651712,3761.617447287084,-4114.866850415501,-1932.888256477935,5541.271707801634
27592.84200174972,3545.733350879439,-3499.405380095668,-2046.943759257287,5932.445393392301
27592.84315180777,3291.490162207347,-2844.437971978113,-2139.858879360784,6262.494644643761
27592.84430673431,3001.395839197628,-2156.697567615031,-2210.556781066685,6527.649523412072
27592.84546658289,2678.342706427377,-1443.2862827261,-2258.187988497904,6724.802775116289
27592.84663129539,2325.614153722335,-711.6795345903442,-2282.135696925994,6851.525786376127
27592.84780075854,1946.844266334165,30.38049206946152,-2282.032011896161,6906.125833259254
27592.84897482025,1545.978542965352,774.9756155219338,-2257.766114665295,6887.677674267229
27592.85015324864,1127.249408228992,1514.070571066905,-2209.490736498128,6796.047635745665
27592.85133576178,695.1242043220196,2239.621023038937,-2137.625776955961,6631.912646122104
27592.85252204909,254.249887934135,2943.678241739034,-2042.856126586709,6396.761424764315
27592.85371173052,-190.5826548861225,3618.457493513558,-1926.130776343905,6092.896850744261
27592.8549044035,-634.509653799808,4256.459506459717,-1788.652323639776,5723.413113520265
27592.85609961795,-1072.64133480661,4850.54804053765,-1631.868535819438,5292.175812434758
27592.85729691499,-1500.133730132726,5394.058676745407,-1457.453469110359,4803.772669961632
27592.85849579349,-1912.234525732621,5880.866370029512,-1267.294309085707,4263.478496300529
27592.85969576999,-2304.361452988801,6305.488703823979,-1063.461574836037,3677.172338078323
27592.86089633421,-2672.142347808114,6663.135784043273,-848.1922258519721,3051.289750839167
27592.86209697336,-3011.477322994638,6949.78203433817,-623.8600663892582,2392.738164593606
27592.86329719683,-3318.595399070389,7162.221649955122,-392.9428998879775,1708.80117141689
27592.86449653045,-3590.096896629681,7298.102956729031,-157.9937189498,1007.053466161567
27592.86569450766,-3822.991737734221,7355.954821636539,78.38806503584192,295.2753062870297
27592.86689068572,-4014.738320255022,7335.205001733586,313.5908423553961,-418.6501404943588
27592.86808466414,-4163.274061440578,7236.181293995674,545.0255507280904,-1126.842301450127
27592.86927605898,-4267.032905094562,7060.102760638694,770.1511608278437,-1821.50137881827
27592.87046454519,-4324.964499207073,6809.053857621671,986.5122556450663,-2495.024397518251
27592.87164980757,-4336.538178988774,6485.960319575539,1191.757910146682,-3140.064474911807
27592.87283158939,-4301.74727670133,6094.538106474265,1383.676947277191,-3749.641628371776
27592.8740096511,-4221.103685583446,5639.253666124072,1560.215155142795,-4317.198104351093
27592.87518380803,-4095.625920380104,5125.252975965877,1719.503485634304,-4836.68919926232
27592.87635392437,-3926.819768062374,4558.294022969778,1859.875607725874,-5302.641554288142
27592.87751989187,-3716.657975545137,3944.684006400081,1979.881545662489,-5710.199220469811
27592.8786816343,-3467.553431436582,3291.201685982486,2078.302581544267,-6055.174589849603
27592.8798391226,-3182.323790239921,2605.007633307247,2154.16340139468,-6334.091806734184
27592.88099235568,-2864.159165040939,1893.570730464903,2206.738170423218,-6544.210587187804
27592.88214138749,-2516.574998713266,1164.565832179389,2235.556509124445,-6683.551764008385
27592.88328627263,-2143.385544552278,425.8217178267632,2240.403574187695,-6750.901343755332
27592.88442712279,-1748.642617224329,-314.8003606340926,2221.320985756247,-6745.822048126998
27592.88556407097,-1336.599982615763,-1049.468670293853,2178.602259605845,-6668.643927344881
27592.88669728934,-911.6598323907448,-1770.47480041409,2112.786309463602,-6520.451361729031
27592.88782696775,-478.3325450452769,-2470.299304550153,2024.649677789205,-6303.064174589006
27592.88895333329,-41.18130020244407,-3141.699877203235,1915.194546094429,-6019.007528255632
27592.89007663823,395.2211910166455,-3777.774965349766,1785.636246783499,-5671.47853388289
27592.89119718311,826.3482605244977,-4372.042083371333,1637.385206704052,-5264.297001601602
27592.89231525771,1247.74176803059,-4918.466298834705,1472.037767563326,-4801.879534535063
27592.89343121526,1655.084020105135,-5411.553892337835,1291.348248301628,-4289.16136772493
27592.89454544086,2044.225775697793,-5846.379779200495,1097.212720091437,-3731.548984117583
27592.89565833572,2411.218544669896,-6218.621323794855,891.6515881674518,-3134.869549049607
27592.89677031375,2752.349581226721,-6524.593628619173,676.7899174750496,-2505.313591040016
27592.89788183081,3064.183310884088,-6761.285273840563,454.8305463491517,-1849.355837387102
27592.89899335426,3343.580287712287,-6926.368774372896,228.0383057948122,-1173.707904932826
27592.90010535824,3587.722871963106,-7018.216740982543,-1.280186639690442,-485.2579685230276
27592.9012183066,3794.136414497377,-7035.913352853327,-230.7942941878356,208.9825234250968
27592.9023327182,3960.721407189535,-6979.258905633946,-458.1839956322657,901.9837417238218
27592.90344904629,4085.750075016002,-6848.769565738157,-681.136019913689,1586.686047850018
27592.9045677696,4167.897982832975,-6645.672731489896,-897.3833098551996,2256.12017366383
27592.90568933572,4206.248951879757,-6371.90130548326,-1104.714096274818,2903.435391706631
27592.90681414297,4200.308434083273,-6030.089943405868,-1300.989632824255,3521.953793290269
27592.90794256833,4150.014404222081,-5623.552440672453,-1484.170257057768,4105.251107419018
27592.90907496544,4055.740697726036,-5156.255765233164,-1652.334662189514,4647.217169932206
27592.91021163563,3918.300491881862,-4632.801521656919,-1803.694919620174,5142.102991827607
27592.9113528088,3738.950258793268,-4058.403551097766,-1936.61434830458,5584.57671548816
27592.91249867325,3519.38271006452,-3438.83457340192,-2049.630989610995,5969.79868504362
27592.91364936009,3261.71960824889,-2780.385298411808,-2141.473518368201,6293.472713894183
27592.91480494892,2968.497030555665,-2089.806584423471,-2211.078459788539,6551.902459805631
27592.91596544537,2642.652966264403,-1374.26158292244,-2257.60418786654,6742.037337827422
27592.91713078771,2287.503992005758,-641.2546871460636,-2280.446019538623,6861.523327679311
27592.9183008784,1906.707112450156,101.4630884466374,-2279.248079512331,6908.745579151517
27592.9194755503,1504.236111591412,845.953220520463,-2253.910934492229,6882.855729058371
27592.9206545612,1084.346535798416,1584.171129215373,-2204.59929821961,6783.800937604081
27592.92183762458,651.5223389640038,2308.075405852343,-2131.744937257615,6612.340239463881
27592.92302440844,210.4284522335094,3009.719123900428,-2036.045823066315,6370.048250046708
27592.92421453736,-234.1411398446713,3681.34444986805,-1918.46203071736,6059.309195757562
27592.92540759001,-677.3165151068697,4315.474934368767,-1780.208881929706,5683.302391735474
27592.92660312188,-1114.216629456841,4905.019817141572,-1622.74363689293,5245.968936061776
27592.9278006641,-1540.006324458923,5443.360539817161,-1447.75069474158,4751.972626846242
27592.92899972533,-1949.95488364316,5924.434847938721,-1257.123567728022,4206.650892172788
27592.93019980547,-2339.498047686302,6342.819322347284,-1052.94190652894,3615.950566682914
27592.93140039152,-2704.292313994491,6693.796698668595,-837.4484575216156,2986.362389242429
27592.93260098689,-3040.276879758565,6973.424109954,-613.0176849578475,2324.830254110829
27592.93380110147,-3343.719009040894,7178.576829952719,-382.12910197607,1638.673045799265
27592.93500024954,-3611.258741635972,7306.98676190815,-147.3382435726885,935.4989415935111
27592.93619797961,-3839.955564148016,7357.272321898248,88.75976173751906,223.0966689859943
27592.93739384218,-4027.315558130877,7328.949724944284,323.5549775626719,-490.6392116939239
27592.93858745346,-4171.329698472407,7222.434583202569,554.4661822495693,-1197.840493725188
27592.93977843994,-4270.484620277996,7039.030152262221,778.9603154167114,-1890.72542105435
27592.94096645916,-4323.781507206932,6780.907660510969,994.586087259594,-2561.702253671446
27592.94215121828,-4330.744125818756,6451.069189125483,1199.005352912036,-3203.467218325193
27592.94333245055,-4291.418360714961,6053.309815315796,1390.015045223607,-3809.073870366396
27592.94450994248,-4206.36631950739,5592.157817974738,1565.575855472819,-4372.024358189799
27592.94568350043,-4076.655904058277,5072.826528230082,1723.82871679699,-4886.322907301408
27592.94685300697,-3903.837196955575,4501.123017941038,1863.121651040389,-5346.563564275504
27592.94801834326,-3689.928062612388,3883.409838812016,1982.015764061296,-5747.951163700031
27592.94917945631,-3437.37718624363,3226.495879173527,2079.307198490389,-6086.375344132556
27592.95033631288,-3149.0389361819,2537.578085526837,2154.032569937152,-6358.431073637375
27592.95148891685,-2828.134372651144,1824.148751900825,2205.478793672848,-6561.454727744398
27592.95263731978,-2478.207664832808,1093.902508490869,2233.187758186212,-6693.544515961105
27592.95378158765,-2103.093093953908,354.6708306666715,2236.956936359198,-6753.566736586496
27592.9549218487,-1706.855135628931,-385.6942306155383,2216.838920371421,-6741.162069068947
27592.95605823765,-1293.76009076385,-1119.368366450926,2173.137205804916,-6656.735984957091
27592.95719091882,-868.2217303774959,-1838.652037591255,2106.400754240243,-6501.448622786475
27592.95832009692,-434.7488235664466,-2536.056539762984,2017.41422628759,-6277.190773736876
27592.95944598537,2.091004025795165,-3204.359758640087,1907.189168942003,-5986.56074626086
27592.96056887089,437.7438689983152,-3836.715202887865,1776.944521819687,-5632.812289993554
27592.96168902272,867.6809305900459,-4426.663586870232,1628.10040762967,-5219.836414114652
27592.96280677081,1287.473568327059,-4968.237220842996,1462.252881150606,-4752.091492815078
27592.96392246409,1692.820010979741,-5455.989009720457,1281.160264072106,-4234.563564124792
27592.96503646928,2079.585871731598,-5885.040455373097,1086.724620462157,-3672.713113140128
27592.96614919762,2443.851394221425,-6251.132054846124,880.9668532691567,-3072.402641577035
27592.96726107609,2781.93590098494,-6550.643915578768,666.0105864603061,-2439.848930863787
27592.96837254457,3090.429661962639,-6780.623817860064,444.0618502379911,-1781.563045944705
27592.96948408238,3366.229922808845,-6938.812655890972,217.3823646380946,-1104.270736734603
27592.97059616143,3606.553692554052,-7023.649150482784,-11.72248353310613,-414.8760502241862
27592.97170927397,3808.968182192466,-7034.284327027727,-240.9303850794418,279.6190858003563
27592.97282389601,3971.403814312561,-6970.58404162198,-467.9156932396513,972.1561488333325
27592.9739405133,4092.177141345343,-6833.129618292279,-690.3756650345433,1655.699824128144
27592.97505958786,4170.001282075681,-6623.214796008851,-906.0443774133944,2323.280669471694
27592.97618155702,4204.000750420108,-6342.839874400436,-1112.713424463977,2968.058532083898
27592.9773068392,4193.722620592166,-5994.697127640706,-1308.253556077055,3583.389383625986
27592.97843578771,4139.145995772569,-5582.167960073565,-1490.627344773934,4162.864194603308
27592.97956875171,4040.686799467436,-5109.280385204373,-1657.920059051085,4700.405563226681
27592.9807060138,3899.202018680971,-4580.701126847809,-1808.349264734602,5190.297608599045
27592.98184781324,3715.988258549734,-4001.693146689112,-1940.288415882936,5627.260493989607
27592.98299432643,3492.779629504383,-3378.083641089581,-2052.283431540771,6006.502996975587
27592.98414569789,3231.732482280576,-2716.198988523945,-2143.073671857008,6323.790505505409
27592.98530197095,2935.426751820698,-2022.848916337954,-2211.602905446734,6575.47951880438
27592.98646314293,2606.837066270533,-1305.234573610609,-2257.04045871763,6758.587832156001
27592.98762915631,2249.309866070229,-570.8835256209318,-2278.79331773739,6870.83554029372
27592.98879990307,1866.532620199016,172.4284240334978,-2276.516893454944,6910.68278645524
27592.98997519113,1462.511221745689,916.7365580822056,-2250.124072457328,6877.361092281773
27592.99115479512,1041.514847650628,1654.00506239888,-2199.791287459147,6770.899287276062
27592.99233841589,608.0462805201713,2376.191199927963,-2125.962245390608,6592.138917478787
27592.99352570168,166.7871794026486,3075.351918965872,-2029.347813098855,6342.740619795326
27592.99471628229,-277.4662918966757,3743.757512039541,-1910.91889732653,6025.169628366745
27592.99590972703,-719.8422848194886,4373.960156224481,-1771.902166973109,5642.687035003085
27592.99710559892,-1155.469714615645,4958.915172601624,-1613.763431198944,5199.306843721055
27592.99830340563,-1579.517843690256,5492.043440114572,-1438.198838837683,4699.773035539133
27592.99950267213,-1987.280330287092,5967.348718510177,-1247.107083289093,4149.482376782525
27593.00004669424,-2165.539465639114,6162.305830834499,-1155.918082427437,3884.890114141262
